-2.542635e-01
-2.177967e-01
-1.973562e-01
-1.826928e-01
-1.710892e-01
-1.613576e-01
-1.529177e-01
-1.454232e-01
-1.386406e-01
-1.324274e-01
-1.266832e-01
-1.213226e-01
-1.162767e-01
-1.115127e-01
-1.069770e-01
-1.026442e-01
-9.850104e-02
-9.451490e-02
-9.066043e-02
-8.694138e-02
-8.333271e-02
-7.983203e-02
-7.641715e-02
-7.308474e-02
-6.983524e-02
-6.665307e-02
-6.353644e-02
-6.048222e-02
-5.748128e-02
-5.452347e-02
-5.161863e-02
-4.875176e-02
-4.592397e-02
-4.312707e-02
-4.036567e-02
-3.763322e-02
-3.492854e-02
-3.224632e-02
-2.959135e-02
-2.695045e-02
-2.433216e-02
-2.172814e-02
-1.913879e-02
-1.656206e-02
-1.399638e-02
-1.143776e-02
-8.892974e-03
-6.351943e-03
-3.813871e-03
-1.276483e-03
1.262054e-03
3.797847e-03
6.340494e-03
8.887467e-03
1.143217e-02
1.398743e-02
1.654908e-02
1.912684e-02
2.171371e-02
2.431783e-02
2.693912e-02
2.957733e-02
3.223560e-02
3.490952e-02
3.761674e-02
4.034767e-02
4.310227e-02
4.590264e-02
4.872908e-02
5.159698e-02
5.450774e-02
5.746864e-02
6.047021e-02
6.353000e-02
6.664928e-02
6.983374e-02
7.308536e-02
7.641382e-02
7.982946e-02
8.333836e-02
8.695014e-02
9.067509e-02
9.452485e-02
9.851020e-02
1.026533e-01
1.069818e-01
1.115206e-01
1.162924e-01
1.213399e-01
1.267082e-01
1.324535e-01
1.386545e-01
1.454272e-01
1.529082e-01
1.613533e-01
1.710779e-01
1.826867e-01
1.973509e-01
2.178151e-01
2.542406e-01
