-3.498973e-01
-2.844848e-01
-2.465664e-01
-2.188058e-01
-1.963545e-01
-1.771450e-01
-1.601803e-01
-1.448202e-01
-1.306718e-01
-1.174742e-01
-1.050241e-01
-9.315519e-02
-8.179854e-02
-7.081252e-02
-6.014706e-02
-4.976033e-02
-3.957625e-02
-2.954303e-02
-1.961953e-02
-9.756716e-03
5.388635e-05
9.856189e-03
1.970595e-02
2.961776e-02
3.965632e-02
4.982679e-02
6.022098e-02
7.085836e-02
8.181957e-02
9.317800e-02
1.050191e-01
1.174641e-01
1.306578e-01
1.447918e-01
1.601685e-01
1.771684e-01
1.963787e-01
2.188492e-01
2.466650e-01
2.845356e-01
3.499862e-01
