-3.337984e-01
-2.740878e-01
-2.398134e-01
-2.147105e-01
-1.944807e-01
-1.772988e-01
-1.621634e-01
-1.485165e-01
-1.359948e-01
-1.243796e-01
-1.134616e-01
-1.031147e-01
-9.323645e-02
-8.375456e-02
-7.459682e-02
-6.570838e-02
-5.704703e-02
-4.857041e-02
-4.023429e-02
-3.203017e-02
-2.392248e-02
-1.590408e-02
-7.922570e-03
3.452563e-05
7.997926e-03
1.598452e-02
2.402065e-02
3.213643e-02
4.032376e-02
4.864468e-02
5.711165e-02
6.577176e-02
7.464936e-02
8.380828e-02
9.329605e-02
1.031657e-01
1.135014e-01
1.244132e-01
1.360387e-01
1.485363e-01
1.621536e-01
1.772785e-01
1.944465e-01
2.146287e-01
2.397715e-01
2.741231e-01
3.337820e-01
