-3.313273e-01
-2.724793e-01
-2.386854e-01
-2.139960e-01
-1.941360e-01
-1.772072e-01
-1.623452e-01
-1.489455e-01
-1.366912e-01
-1.252704e-01
-1.145482e-01
-1.044109e-01
-9.472638e-02
-8.543926e-02
-7.648448e-02
-6.781003e-02
-5.934862e-02
-5.107983e-02
-4.295498e-02
-3.498147e-02
-2.708962e-02
-1.928049e-02
-1.153601e-02
-3.817338e-03
3.893068e-03
1.161563e-02
1.936854e-02
2.717580e-02
3.506732e-02
4.305922e-02
5.115711e-02
5.942473e-02
6.788380e-02
7.655712e-02
8.552907e-02
9.480983e-02
1.044762e-01
1.146216e-01
1.253266e-01
1.367152e-01
1.489924e-01
1.623674e-01
1.772372e-01
1.941275e-01
2.139969e-01
2.386229e-01
2.723890e-01
3.312003e-01
