-3.414573e-01
-2.791034e-01
-2.431221e-01
-2.168005e-01
-1.955455e-01
-1.774038e-01
-1.613903e-01
-1.469762e-01
-1.337227e-01
-1.213709e-01
-1.097622e-01
-9.873607e-02
-8.816899e-02
-7.801017e-02
-6.816540e-02
-5.858010e-02
-4.922498e-02
-4.004242e-02
-3.101893e-02
-2.208543e-02
-1.322282e-02
-4.408041e-03
4.391793e-03
1.321858e-02
2.210509e-02
3.104630e-02
4.007734e-02
4.923689e-02
5.858321e-02
6.816204e-02
7.801419e-02
8.817537e-02
9.872101e-02
1.097628e-01
1.213805e-01
1.337339e-01
1.469723e-01
1.614179e-01
1.774024e-01
1.955321e-01
2.168060e-01
2.431094e-01
2.790860e-01
3.415203e-01
