-3.470285e-01
-2.826011e-01
-2.454411e-01
-2.181307e-01
-1.960860e-01
-1.772719e-01
-1.606455e-01
-1.456048e-01
-1.317931e-01
-1.188994e-01
-1.067469e-01
-9.517029e-02
-8.408463e-02
-7.339611e-02
-6.303308e-02
-5.293290e-02
-4.303859e-02
-3.332524e-02
-2.372662e-02
-1.421577e-02
-4.745577e-03
4.700214e-03
1.416050e-02
2.365814e-02
3.326095e-02
4.299231e-02
5.289697e-02
6.301480e-02
7.338521e-02
8.407195e-02
9.516095e-02
1.067351e-01
1.189047e-01
1.317823e-01
1.456154e-01
1.606569e-01
1.772861e-01
1.961250e-01
2.181726e-01
2.454494e-01
2.827025e-01
3.470932e-01
