-3.098726e-01
-2.580172e-01
-2.283915e-01
-2.069420e-01
-1.897346e-01
-1.751762e-01
-1.624243e-01
-1.510024e-01
-1.405584e-01
-1.309097e-01
-1.218926e-01
-1.134037e-01
-1.053465e-01
-9.765068e-02
-9.026119e-02
-8.312427e-02
-7.623371e-02
-6.952235e-02
-6.299428e-02
-5.660317e-02
-5.033822e-02
-4.418617e-02
-3.811795e-02
-3.212847e-02
-2.620307e-02
-2.033316e-02
-1.450374e-02
-8.697050e-03
-2.902647e-03
2.887403e-03
8.679612e-03
1.449087e-02
2.032140e-02
2.619480e-02
3.211920e-02
3.811492e-02
4.418251e-02
5.033858e-02
5.659888e-02
6.297959e-02
6.951192e-02
7.621165e-02
8.311129e-02
9.024013e-02
9.762861e-02
1.053267e-01
1.133854e-01
1.218834e-01
1.309079e-01
1.405559e-01
1.509995e-01
1.624513e-01
1.751995e-01
1.897780e-01
2.069756e-01
2.284371e-01
2.580991e-01
3.099521e-01
