-3.266711e-01
-2.693777e-01
-2.365404e-01
-2.125877e-01
-1.933094e-01
-1.769350e-01
-1.625468e-01
-1.496310e-01
-1.377969e-01
-1.268153e-01
-1.164953e-01
-1.067472e-01
-9.745147e-02
-8.854632e-02
-7.996867e-02
-7.166863e-02
-6.359361e-02
-5.570264e-02
-4.799048e-02
-4.040303e-02
-3.291274e-02
-2.551650e-02
-1.818164e-02
-1.089253e-02
-3.636212e-03
3.616801e-03
1.088622e-02
1.816679e-02
2.549281e-02
3.288818e-02
4.037242e-02
4.797582e-02
5.569717e-02
6.357434e-02
7.164603e-02
7.996306e-02
8.852040e-02
9.741990e-02
1.066964e-01
1.164490e-01
1.267473e-01
1.377407e-01
1.495836e-01
1.625180e-01
1.768937e-01
1.932452e-01
2.125251e-01
2.364981e-01
2.694102e-01
3.266504e-01
