-3.080594e-01
-2.567943e-01
-2.275493e-01
-2.063464e-01
-1.893482e-01
-1.749547e-01
-1.623542e-01
-1.510655e-01
-1.407835e-01
-1.312794e-01
-1.223928e-01
-1.140344e-01
-1.060899e-01
-9.850484e-02
-9.122955e-02
-8.421998e-02
-7.743610e-02
-7.085834e-02
-6.445024e-02
-5.819087e-02
-5.204757e-02
-4.601175e-02
-4.007115e-02
-3.420880e-02
-2.842507e-02
-2.268474e-02
-1.698064e-02
-1.131019e-02
-5.660774e-03
-2.055782e-05
5.615524e-03
1.127649e-02
1.695288e-02
2.265971e-02
2.839899e-02
3.419380e-02
4.005361e-02
4.599087e-02
5.202530e-02
5.816109e-02
6.442336e-02
7.083196e-02
7.741959e-02
8.420988e-02
9.120881e-02
9.847137e-02
1.060392e-01
1.139774e-01
1.223317e-01
1.311965e-01
1.407058e-01
1.509991e-01
1.622784e-01
1.748363e-01
1.892186e-01
2.062014e-01
2.274510e-01
2.567440e-01
3.080821e-01
