-3.199560e-01
-2.649380e-01
-2.333874e-01
-2.104619e-01
-1.920181e-01
-1.764080e-01
-1.627099e-01
-1.503997e-01
-1.391425e-01
-1.287079e-01
-1.189505e-01
-1.097174e-01
-1.009390e-01
-9.252883e-02
-8.444419e-02
-7.662585e-02
-6.905501e-02
-6.166838e-02
-5.443191e-02
-4.733890e-02
-4.038100e-02
-3.350789e-02
-2.671628e-02
-1.998998e-02
-1.330266e-02
-6.658575e-03
-2.475228e-05
6.607862e-03
1.325900e-02
1.995287e-02
2.667409e-02
3.345496e-02
4.031962e-02
4.727696e-02
5.435791e-02
6.158669e-02
6.897061e-02
7.655238e-02
8.437228e-02
9.246718e-02
1.008706e-01
1.096653e-01
1.189015e-01
1.286600e-01
1.390842e-01
1.503526e-01
1.626573e-01
1.763906e-01
1.920053e-01
2.104225e-01
2.333598e-01
2.648567e-01
3.199238e-01
