-3.158045e-01
-2.621053e-01
-2.313950e-01
-2.090606e-01
-1.911230e-01
-1.759642e-01
-1.626334e-01
-1.506861e-01
-1.397632e-01
-1.296658e-01
-1.202255e-01
-1.113043e-01
-1.028244e-01
-9.471446e-02
-8.693017e-02
-7.940720e-02
-7.211954e-02
-6.502280e-02
-5.810180e-02
-5.132464e-02
-4.466557e-02
-3.811254e-02
-3.164054e-02
-2.522840e-02
-1.888025e-02
-1.257206e-02
-6.286469e-03
-1.702821e-05
6.257766e-03
1.254897e-02
1.887051e-02
2.521308e-02
3.162737e-02
3.810105e-02
4.466400e-02
5.132105e-02
5.809957e-02
6.501886e-02
7.211725e-02
7.940353e-02
8.693416e-02
9.473669e-02
1.028403e-01
1.113120e-01
1.202446e-01
1.296869e-01
1.397889e-01
1.506984e-01
1.626371e-01
1.759498e-01
1.911224e-01
2.090570e-01
2.314070e-01
2.620595e-01
3.157929e-01
