-3.118327e-01
-2.593419e-01
-2.293982e-01
-2.076243e-01
-1.901690e-01
-1.754072e-01
-1.624763e-01
-1.508753e-01
-1.402908e-01
-1.305038e-01
-1.213415e-01
-1.127195e-01
-1.045273e-01
-9.669890e-02
-8.917018e-02
-8.190688e-02
-7.488791e-02
-6.806314e-02
-6.141025e-02
-5.490195e-02
-4.851011e-02
-4.222676e-02
-3.604103e-02
-2.992093e-02
-2.385978e-02
-1.785087e-02
-1.188445e-02
-5.933596e-03
7.511988e-06
5.950140e-03
1.190065e-02
1.787392e-02
2.388385e-02
2.994319e-02
3.606211e-02
4.224930e-02
4.853770e-02
5.492666e-02
6.145737e-02
6.811916e-02
7.495049e-02
8.197749e-02
8.922882e-02
9.675504e-02
1.045753e-01
1.127758e-01
1.214081e-01
1.305630e-01
1.403489e-01
1.509391e-01
1.625488e-01
1.754816e-01
1.902506e-01
2.076709e-01
2.294398e-01
2.594292e-01
3.118823e-01
