-3.177650e-01
-2.634653e-01
-2.324230e-01
-2.097814e-01
-1.916148e-01
-1.762289e-01
-1.627163e-01
-1.505992e-01
-1.395110e-01
-1.292320e-01
-1.196133e-01
-1.105420e-01
-1.019053e-01
-9.367416e-02
-8.574358e-02
-7.807277e-02
-7.064029e-02
-6.340133e-02
-5.633030e-02
-4.940350e-02
-4.259714e-02
-3.588711e-02
-2.925641e-02
-2.269931e-02
-1.618598e-02
-9.696214e-03
-3.243892e-03
3.197125e-03
9.641263e-03
1.610248e-02
2.262929e-02
2.919395e-02
3.582816e-02
4.253139e-02
4.934599e-02
5.627191e-02
6.335845e-02
7.059571e-02
7.803639e-02
8.571164e-02
9.364473e-02
1.018977e-01
1.105241e-01
1.195937e-01
1.291909e-01
1.394521e-01
1.505391e-01
1.626753e-01
1.761887e-01
1.915931e-01
2.097400e-01
2.323649e-01
2.634182e-01
3.177725e-01
