-2.992764e-01
-2.505972e-01
-2.229353e-01
-2.028993e-01
-1.868944e-01
-1.733814e-01
-1.615799e-01
-1.510314e-01
-1.414129e-01
-1.325359e-01
-1.242557e-01
-1.164797e-01
-1.090989e-01
-1.020815e-01
-9.536685e-02
-8.891023e-02
-8.266062e-02
-7.660257e-02
-7.071403e-02
-6.497978e-02
-5.937841e-02
-5.387824e-02
-4.847085e-02
-4.315155e-02
-3.791028e-02
-3.272926e-02
-2.761281e-02
-2.252578e-02
-1.749020e-02
-1.247079e-02
-7.473718e-03
-2.480526e-03
2.509969e-03
7.503438e-03
1.248983e-02
1.750808e-02
2.255128e-02
2.763095e-02
3.275774e-02
3.793581e-02
4.317245e-02
4.848657e-02
5.388996e-02
5.939374e-02
6.500488e-02
7.074361e-02
7.662148e-02
8.267241e-02
8.892523e-02
9.539290e-02
1.021187e-01
1.091530e-01
1.165384e-01
1.243150e-01
1.325793e-01
1.414469e-01
1.510665e-01
1.616437e-01
1.734290e-01
1.869427e-01
2.029494e-01
2.229454e-01
2.506270e-01
2.992567e-01
