-2.958662e-01
-2.482865e-01
-2.212028e-01
-2.016388e-01
-1.860052e-01
-1.728107e-01
-1.612763e-01
-1.509695e-01
-1.415954e-01
-1.329540e-01
-1.248896e-01
-1.173027e-01
-1.101349e-01
-1.033091e-01
-9.677798e-02
-9.049253e-02
-8.443121e-02
-7.856493e-02
-7.286076e-02
-6.729628e-02
-6.187005e-02
-5.655764e-02
-5.133409e-02
-4.620152e-02
-4.115674e-02
-3.616472e-02
-3.122789e-02
-2.634885e-02
-2.150684e-02
-1.669657e-02
-1.190882e-02
-7.138599e-03
-2.385911e-03
2.376166e-03
7.138483e-03
1.191373e-02
1.669210e-02
2.150257e-02
2.634639e-02
3.123956e-02
3.616495e-02
4.114719e-02
4.620365e-02
5.133412e-02
5.654866e-02
6.188025e-02
6.730931e-02
7.286314e-02
7.857464e-02
8.445946e-02
9.050986e-02
9.679948e-02
1.033315e-01
1.101606e-01
1.173363e-01
1.249094e-01
1.329730e-01
1.416126e-01
1.509807e-01
1.612683e-01
1.727800e-01
1.859567e-01
2.016050e-01
2.211792e-01
2.482330e-01
2.958426e-01
