-3.026135e-01
-2.529956e-01
-2.247378e-01
-2.042438e-01
-1.878674e-01
-1.740409e-01
-1.619484e-01
-1.511206e-01
-1.412526e-01
-1.321432e-01
-1.236505e-01
-1.156502e-01
-1.080569e-01
-1.008150e-01
-9.388310e-02
-8.720238e-02
-8.076258e-02
-7.450808e-02
-6.841195e-02
-6.247818e-02
-5.666403e-02
-5.095962e-02
-4.535885e-02
-3.983973e-02
-3.438962e-02
-2.900327e-02
-2.366716e-02
-1.836885e-02
-1.309856e-02
-7.849288e-03
-2.619810e-03
2.610480e-03
7.838542e-03
1.308718e-02
1.836035e-02
2.365721e-02
2.899602e-02
3.437574e-02
3.982212e-02
4.534632e-02
5.094891e-02
5.665363e-02
6.246100e-02
6.840100e-02
7.447930e-02
8.072850e-02
8.716468e-02
9.383765e-02
1.007714e-01
1.080052e-01
1.155873e-01
1.236057e-01
1.321135e-01
1.412250e-01
1.510783e-01
1.619089e-01
1.740125e-01
1.878596e-01
2.042468e-01
2.247112e-01
2.530079e-01
3.026412e-01
