-3.062184e-01
-2.555606e-01
-2.266294e-01
-2.056521e-01
-1.888414e-01
-1.746641e-01
-1.622283e-01
-1.510884e-01
-1.409428e-01
-1.315727e-01
-1.228291e-01
-1.145814e-01
-1.067707e-01
-9.930926e-02
-9.217373e-02
-8.528148e-02
-7.860283e-02
-7.214629e-02
-6.584994e-02
-5.970147e-02
-5.366482e-02
-4.774387e-02
-4.192209e-02
-3.619481e-02
-3.051681e-02
-2.490298e-02
-1.934287e-02
-1.380533e-02
-8.294917e-03
-2.790507e-03
2.709178e-03
8.207728e-03
1.371958e-02
1.925945e-02
2.483838e-02
3.045622e-02
3.613522e-02
4.186536e-02
4.769628e-02
5.362092e-02
5.964769e-02
6.579568e-02
7.209938e-02
7.857389e-02
8.523781e-02
9.212204e-02
9.927330e-02
1.067305e-01
1.145433e-01
1.227798e-01
1.315190e-01
1.408905e-01
1.510445e-01
1.621792e-01
1.746041e-01
1.887982e-01
2.055938e-01
2.265338e-01
2.554628e-01
3.061723e-01
