-2.826458e-01
-2.387620e-01
-2.139590e-01
-1.960446e-01
-1.817759e-01
-1.697857e-01
-1.593570e-01
-1.500316e-01
-1.415532e-01
-1.337626e-01
-1.265214e-01
-1.197203e-01
-1.133117e-01
-1.072185e-01
-1.014150e-01
-9.584609e-02
-9.047604e-02
-8.528406e-02
-8.026116e-02
-7.539038e-02
-7.063066e-02
-6.599822e-02
-6.146088e-02
-5.700858e-02
-5.264330e-02
-4.834570e-02
-4.411310e-02
-3.993355e-02
-3.580189e-02
-3.171865e-02
-2.767875e-02
-2.366697e-02
-1.967743e-02
-1.571775e-02
-1.177004e-02
-7.830847e-03
-3.905477e-03
9.616835e-06
3.923483e-03
7.846233e-03
1.177793e-02
1.571991e-02
1.968163e-02
2.366494e-02
2.768219e-02
3.172045e-02
3.580419e-02
3.993325e-02
4.410342e-02
4.833567e-02
5.263662e-02
5.700324e-02
6.145273e-02
6.599378e-02
7.063618e-02
7.538977e-02
8.026810e-02
8.529015e-02
9.047128e-02
9.583932e-02
1.014144e-01
1.072270e-01
1.133131e-01
1.197248e-01
1.265299e-01
1.337549e-01
1.415490e-01
1.500082e-01
1.593312e-01
1.697699e-01
1.817773e-01
1.960309e-01
2.139196e-01
2.387546e-01
2.826284e-01
