-2.839134e-01
-2.397198e-01
-2.146955e-01
-1.966543e-01
-1.822457e-01
-1.701579e-01
-1.595954e-01
-1.501649e-01
-1.416085e-01
-1.337354e-01
-1.264188e-01
-1.195484e-01
-1.130688e-01
-1.069002e-01
-1.010190e-01
-9.538789e-02
-8.995480e-02
-8.470826e-02
-7.961547e-02
-7.466303e-02
-6.984339e-02
-6.513661e-02
-6.053148e-02
-5.602225e-02
-5.158142e-02
-4.721854e-02
-4.291787e-02
-3.867616e-02
-3.447575e-02
-3.033177e-02
-2.621711e-02
-2.213674e-02
-1.807692e-02
-1.403946e-02
-1.002072e-02
-6.017024e-03
-2.011633e-03
1.989422e-03
5.994013e-03
1.000524e-02
1.402242e-02
1.806388e-02
2.212177e-02
2.620599e-02
3.032193e-02
3.447415e-02
3.866668e-02
4.290970e-02
4.720798e-02
5.157395e-02
5.600821e-02
6.051828e-02
6.512599e-02
6.983121e-02
7.466011e-02
7.959293e-02
8.468220e-02
8.993441e-02
9.537711e-02
1.010125e-01
1.068940e-01
1.130564e-01
1.195299e-01
1.263912e-01
1.337096e-01
1.415803e-01
1.501428e-01
1.595503e-01
1.701176e-01
1.822308e-01
1.966421e-01
2.147241e-01
2.397350e-01
2.839319e-01
