-2.866963e-01
-2.417468e-01
-2.161927e-01
-1.977954e-01
-1.831307e-01
-1.707774e-01
-1.599928e-01
-1.503763e-01
-1.416330e-01
-1.335841e-01
-1.260930e-01
-1.190627e-01
-1.124216e-01
-1.061154e-01
-1.000923e-01
-9.430903e-02
-8.872494e-02
-8.333027e-02
-7.810869e-02
-7.301785e-02
-6.806422e-02
-6.321950e-02
-5.847857e-02
-5.382415e-02
-4.925399e-02
-4.475616e-02
-4.031096e-02
-3.593152e-02
-3.159187e-02
-2.729171e-02
-2.302800e-02
-1.879542e-02
-1.458415e-02
-1.039511e-02
-6.214539e-03
-2.042043e-03
2.128293e-03
6.294210e-03
1.046965e-02
1.466084e-02
1.886981e-02
2.310744e-02
2.736486e-02
3.166166e-02
3.599241e-02
4.037301e-02
4.481536e-02
4.932078e-02
5.388827e-02
5.853794e-02
6.328230e-02
6.812827e-02
7.307941e-02
7.816152e-02
8.339005e-02
8.878099e-02
9.436143e-02
1.001352e-01
1.061710e-01
1.124799e-01
1.191305e-01
1.261649e-01
1.336593e-01
1.417177e-01
1.504582e-01
1.600845e-01
1.708549e-01
1.832003e-01
1.978790e-01
2.162793e-01
2.418279e-01
2.868496e-01
