-2.785386e-01
-2.358145e-01
-2.116754e-01
-1.942815e-01
-1.804123e-01
-1.687665e-01
-1.586338e-01
-1.495929e-01
-1.413963e-01
-1.338458e-01
-1.268347e-01
-1.202604e-01
-1.140709e-01
-1.081773e-01
-1.025564e-01
-9.717575e-02
-9.200032e-02
-8.700274e-02
-8.217506e-02
-7.747575e-02
-7.290095e-02
-6.843876e-02
-6.407919e-02
-5.980746e-02
-5.562344e-02
-5.151706e-02
-4.746452e-02
-4.347064e-02
-3.953430e-02
-3.564084e-02
-3.178571e-02
-2.797091e-02
-2.418302e-02
-2.042641e-02
-1.668218e-02
-1.295776e-02
-9.246625e-03
-5.543728e-03
-1.848122e-03
1.842563e-03
5.539648e-03
9.245584e-03
1.295020e-02
1.667267e-02
2.040799e-02
2.416936e-02
2.794982e-02
3.177552e-02
3.562805e-02
3.952210e-02
4.346646e-02
4.745537e-02
5.150485e-02
5.562322e-02
5.980483e-02
6.407428e-02
6.843796e-02
7.289475e-02
7.746634e-02
8.216257e-02
8.700353e-02
9.200112e-02
9.717234e-02
1.025442e-01
1.081627e-01
1.140484e-01
1.202445e-01
1.268284e-01
1.338350e-01
1.413890e-01
1.495918e-01
1.586312e-01
1.687661e-01
1.804151e-01
1.942705e-01
2.116711e-01
2.358161e-01
2.785947e-01
