-2.747836e-01
-2.330801e-01
-2.094944e-01
-1.925414e-01
-1.790586e-01
-1.677362e-01
-1.578959e-01
-1.491024e-01
-1.411380e-01
-1.338169e-01
-1.270294e-01
-1.206547e-01
-1.146440e-01
-1.089530e-01
-1.035142e-01
-9.831812e-02
-9.331316e-02
-8.849152e-02
-8.382717e-02
-7.930000e-02
-7.489357e-02
-7.059754e-02
-6.640513e-02
-6.230301e-02
-5.828214e-02
-5.432758e-02
-5.044764e-02
-4.662178e-02
-4.285088e-02
-3.912077e-02
-3.543514e-02
-3.178177e-02
-2.816977e-02
-2.458969e-02
-2.102822e-02
-1.749624e-02
-1.397521e-02
-1.046583e-02
-6.968121e-03
-3.480038e-03
1.206923e-05
3.501386e-03
7.000546e-03
1.050076e-02
1.401531e-02
1.752911e-02
2.106639e-02
2.462438e-02
2.820196e-02
3.181139e-02
3.546041e-02
3.914263e-02
4.286321e-02
4.663522e-02
5.046072e-02
5.434403e-02
5.829863e-02
6.231601e-02
6.640691e-02
7.060213e-02
7.489616e-02
7.929279e-02
8.381977e-02
8.848173e-02
9.330556e-02
9.831546e-02
1.035180e-01
1.089361e-01
1.146315e-01
1.206436e-01
1.270173e-01
1.338089e-01
1.411333e-01
1.491041e-01
1.578819e-01
1.677292e-01
1.790597e-01
1.925463e-01
2.094839e-01
2.330645e-01
2.747397e-01
