-2.699631e-01
-2.295718e-01
-2.067643e-01
-1.903299e-01
-1.772994e-01
-1.663585e-01
-1.568622e-01
-1.483803e-01
-1.407173e-01
-1.336731e-01
-1.271348e-01
-1.210205e-01
-1.152502e-01
-1.097901e-01
-1.045798e-01
-9.959635e-02
-9.480730e-02
-9.018704e-02
-8.572965e-02
-8.140925e-02
-7.720581e-02
-7.311512e-02
-6.911913e-02
-6.521443e-02
-6.138709e-02
-5.763087e-02
-5.394463e-02
-5.031566e-02
-4.674126e-02
-4.322232e-02
-3.974322e-02
-3.629671e-02
-3.289299e-02
-2.951912e-02
-2.616683e-02
-2.284988e-02
-1.954552e-02
-1.625498e-02
-1.298563e-02
-9.731336e-03
-6.482012e-03
-3.235074e-03
1.052695e-06
3.244339e-03
6.491460e-03
9.744527e-03
1.300143e-02
1.627441e-02
1.956322e-02
2.286714e-02
2.619220e-02
2.953985e-02
3.290649e-02
3.631320e-02
3.975497e-02
4.323853e-02
4.676920e-02
5.034071e-02
5.396673e-02
5.765245e-02
6.140762e-02
6.523446e-02
6.913862e-02
7.313611e-02
7.722830e-02
8.143538e-02
8.574505e-02
9.020091e-02
9.480917e-02
9.959961e-02
1.045845e-01
1.097917e-01
1.152545e-01
1.210101e-01
1.271248e-01
1.336586e-01
1.407089e-01
1.483619e-01
1.568350e-01
1.663642e-01
1.773085e-01
1.903286e-01
2.067162e-01
2.295346e-01
2.699663e-01
