-2.654453e-01
-2.261924e-01
-2.041021e-01
-1.882232e-01
-1.756034e-01
-1.650199e-01
-1.558304e-01
-1.476567e-01
-1.402609e-01
-1.334713e-01
-1.271665e-01
-1.212724e-01
-1.157265e-01
-1.104599e-01
-1.054546e-01
-1.006689e-01
-9.607448e-02
-9.164578e-02
-8.736644e-02
-8.322318e-02
-7.920426e-02
-7.529278e-02
-7.147725e-02
-6.774993e-02
-6.410165e-02
-6.053036e-02
-5.701402e-02
-5.355526e-02
-5.016252e-02
-4.681250e-02
-4.350583e-02
-4.024389e-02
-3.702031e-02
-3.382962e-02
-3.066854e-02
-2.753481e-02
-2.441660e-02
-2.131718e-02
-1.823896e-02
-1.518042e-02
-1.212940e-02
-9.089079e-03
-6.057267e-03
-3.031496e-03
-1.992264e-06
3.027740e-03
6.051717e-03
9.083325e-03
1.212232e-02
1.517404e-02
1.823662e-02
2.131508e-02
2.440578e-02
2.752000e-02
3.066003e-02
3.382116e-02
3.701695e-02
4.024165e-02
4.350528e-02
4.680405e-02
5.014858e-02
5.353989e-02
5.699203e-02
6.050661e-02
6.408014e-02
6.773206e-02
7.145512e-02
7.527473e-02
7.918864e-02
8.320717e-02
8.734299e-02
9.162178e-02
9.604255e-02
1.006337e-01
1.054198e-01
1.104242e-01
1.156822e-01
1.212297e-01
1.271175e-01
1.334188e-01
1.402201e-01
1.476287e-01
1.558083e-01
1.649960e-01
1.755692e-01
1.881608e-01
2.040561e-01
2.261480e-01
2.654005e-01
