-2.643518e-01
-2.254069e-01
-2.035042e-01
-1.877231e-01
-1.752061e-01
-1.647056e-01
-1.555654e-01
-1.474561e-01
-1.400928e-01
-1.333657e-01
-1.271305e-01
-1.212944e-01
-1.158097e-01
-1.106034e-01
-1.056428e-01
-1.008977e-01
-9.635933e-02
-9.197313e-02
-8.774312e-02
-8.363554e-02
-7.965402e-02
-7.578652e-02
-7.200840e-02
-6.832385e-02
-6.471356e-02
-6.117773e-02
-5.770697e-02
-5.429903e-02
-5.094547e-02
-4.764288e-02
-4.438452e-02
-4.115917e-02
-3.797080e-02
-3.481908e-02
-3.169711e-02
-2.860093e-02
-2.552874e-02
-2.248085e-02
-1.945152e-02
-1.643796e-02
-1.343592e-02
-1.044654e-02
-7.459638e-03
-4.480592e-03
-1.508637e-03
1.463959e-03
4.441099e-03
7.419413e-03
1.040362e-02
1.339121e-02
1.638619e-02
1.940197e-02
2.243247e-02
2.547904e-02
2.854542e-02
3.163662e-02
3.475769e-02
3.791659e-02
4.109790e-02
4.431934e-02
4.758422e-02
5.089351e-02
5.424700e-02
5.766087e-02
6.113734e-02
6.467329e-02
6.828507e-02
7.197369e-02
7.575563e-02
7.962748e-02
8.361181e-02
8.771518e-02
9.194834e-02
9.633386e-02
1.008757e-01
1.056205e-01
1.105731e-01
1.157727e-01
1.212718e-01
1.271136e-01
1.333555e-01
1.400995e-01
1.474381e-01
1.555408e-01
1.646621e-01
1.751361e-01
1.876406e-01
2.033895e-01
2.253448e-01
2.643362e-01
