-2.590282e-01
-2.214318e-01
-2.003170e-01
-1.851252e-01
-1.730738e-01
-1.629832e-01
-1.542363e-01
-1.464365e-01
-1.393953e-01
-1.329524e-01
-1.269689e-01
-1.213759e-01
-1.161141e-01
-1.111401e-01
-1.063953e-01
-1.018699e-01
-9.752949e-02
-9.335913e-02
-8.932981e-02
-8.543338e-02
-8.164689e-02
-7.796053e-02
-7.437634e-02
-7.087849e-02
-6.746152e-02
-6.411715e-02
-6.083692e-02
-5.761116e-02
-5.444110e-02
-5.131947e-02
-4.824574e-02
-4.521226e-02
-4.221932e-02
-3.926009e-02
-3.633340e-02
-3.342898e-02
-3.055841e-02
-2.770573e-02
-2.487514e-02
-2.206888e-02
-1.927491e-02
-1.649036e-02
-1.371725e-02
-1.095830e-02
-8.208356e-03
-5.465582e-03
-2.726583e-03
1.773227e-05
2.758012e-03
5.503197e-03
8.245796e-03
1.100280e-02
1.376111e-02
1.653173e-02
1.931051e-02
2.210374e-02
2.491371e-02
2.774191e-02
3.059523e-02
3.346705e-02
3.636999e-02
3.929702e-02
4.225885e-02
4.524752e-02
4.827663e-02
5.134655e-02
5.446412e-02
5.763603e-02
6.085883e-02
6.413805e-02
6.748953e-02
7.090997e-02
7.441579e-02
7.800262e-02
8.167568e-02
8.545948e-02
8.935654e-02
9.338028e-02
9.756486e-02
1.019047e-01
1.064283e-01
1.111585e-01
1.161324e-01
1.213873e-01
1.269792e-01
1.329680e-01
1.394211e-01
1.464607e-01
1.542304e-01
1.629883e-01
1.730921e-01
1.851394e-01
2.003411e-01
2.215170e-01
2.592222e-01
