-2.561033e-01
-2.192296e-01
-1.985217e-01
-1.836955e-01
-1.719048e-01
-1.620297e-01
-1.534692e-01
-1.458559e-01
-1.389646e-01
-1.326546e-01
-1.268245e-01
-1.213722e-01
-1.162449e-01
-1.113967e-01
-1.067788e-01
-1.023691e-01
-9.814302e-02
-9.407915e-02
-9.016183e-02
-8.636605e-02
-8.268775e-02
-7.911935e-02
-7.563642e-02
-7.224732e-02
-6.893349e-02
-6.568902e-02
-6.250758e-02
-5.938850e-02
-5.632347e-02
-5.330769e-02
-5.033285e-02
-4.740173e-02
-4.451187e-02
-4.165572e-02
-3.882983e-02
-3.603469e-02
-3.326695e-02
-3.052220e-02
-2.780230e-02
-2.510322e-02
-2.241829e-02
-1.974920e-02
-1.709305e-02
-1.443895e-02
-1.180051e-02
-9.172088e-03
-6.544632e-03
-3.925822e-03
-1.309062e-03
1.308680e-03
3.923396e-03
6.542795e-03
9.170019e-03
1.179562e-02
1.443493e-02
1.707742e-02
1.973755e-02
2.240482e-02
2.509206e-02
2.779341e-02
3.051493e-02
3.326578e-02
3.603563e-02
3.883015e-02
4.165855e-02
4.451547e-02
4.740904e-02
5.034103e-02
5.330966e-02
5.632387e-02
5.939441e-02
6.251846e-02
6.570073e-02
6.894712e-02
7.226850e-02
7.566182e-02
7.913989e-02
8.271314e-02
8.638700e-02
9.017937e-02
9.410247e-02
9.816307e-02
1.023815e-01
1.067832e-01
1.113958e-01
1.162370e-01
1.213743e-01
1.268262e-01
1.326514e-01
1.389590e-01
1.458363e-01
1.534313e-01
1.619905e-01
1.718644e-01
1.836439e-01
1.984999e-01
2.192477e-01
2.561245e-01
