-2.571801e-01
-2.200073e-01
-1.991048e-01
-1.841230e-01
-1.722577e-01
-1.623019e-01
-1.536778e-01
-1.460034e-01
-1.390729e-01
-1.327234e-01
-1.268393e-01
-1.213541e-01
-1.161934e-01
-1.113002e-01
-1.066508e-01
-1.022119e-01
-9.794702e-02
-9.384863e-02
-8.989694e-02
-8.606822e-02
-8.235573e-02
-7.874415e-02
-7.522879e-02
-7.179869e-02
-6.844249e-02
-6.516386e-02
-6.195271e-02
-5.879999e-02
-5.570475e-02
-5.265503e-02
-4.964917e-02
-4.668785e-02
-4.375942e-02
-4.087314e-02
-3.801568e-02
-3.518627e-02
-3.238522e-02
-2.960640e-02
-2.684819e-02
-2.411087e-02
-2.139101e-02
-1.868520e-02
-1.599361e-02
-1.331351e-02
-1.063468e-02
-7.971568e-03
-5.308082e-03
-2.653542e-03
-4.603747e-07
2.654254e-03
5.309315e-03
7.973447e-03
1.063750e-02
1.331384e-02
1.599882e-02
1.869438e-02
2.139724e-02
2.411902e-02
2.685809e-02
2.961523e-02
3.239952e-02
3.520216e-02
3.802880e-02
4.088410e-02
4.376950e-02
4.669745e-02
4.966089e-02
5.266501e-02
5.571989e-02
5.881926e-02
6.197179e-02
6.518668e-02
6.846249e-02
7.181469e-02
7.524474e-02
7.875644e-02
8.236316e-02
8.607158e-02
8.989956e-02
9.385480e-02
9.796457e-02
1.022310e-01
1.066699e-01
1.113267e-01
1.162269e-01
1.214014e-01
1.268990e-01
1.327873e-01
1.391458e-01
1.460722e-01
1.537282e-01
1.623551e-01
1.723037e-01
1.841747e-01
1.991312e-01
2.199961e-01
2.571443e-01
