-2.552053e-01
-2.185191e-01
-1.979147e-01
-1.831659e-01
-1.714665e-01
-1.616628e-01
-1.531679e-01
-1.456165e-01
-1.387988e-01
-1.325370e-01
-1.267502e-01
-1.213415e-01
-1.162518e-01
-1.114463e-01
-1.068704e-01
-1.025023e-01
-9.831453e-02
-9.428447e-02
-9.039477e-02
-8.663789e-02
-8.299218e-02
-7.946100e-02
-7.601915e-02
-7.265733e-02
-6.937262e-02
-6.615857e-02
-6.300711e-02
-5.991898e-02
-5.688860e-02
-5.390539e-02
-5.096613e-02
-4.806044e-02
-4.520267e-02
-4.238136e-02
-3.959214e-02
-3.683466e-02
-3.409776e-02
-3.138323e-02
-2.869194e-02
-2.601805e-02
-2.336605e-02
-2.072558e-02
-1.810190e-02
-1.549192e-02
-1.289271e-02
-1.030281e-02
-7.719156e-03
-5.138242e-03
-2.562879e-03
1.245891e-05
2.591960e-03
5.169570e-03
7.751106e-03
1.032952e-02
1.292680e-02
1.552532e-02
1.813513e-02
2.075476e-02
2.339501e-02
2.604377e-02
2.871242e-02
3.140117e-02
3.411601e-02
3.685946e-02
3.962410e-02
4.241881e-02
4.524373e-02
4.810639e-02
5.100226e-02
5.394233e-02
5.691931e-02
5.995779e-02
6.304370e-02
6.619083e-02
6.940383e-02
7.268899e-02
7.604687e-02
7.949235e-02
8.303002e-02
8.666802e-02
9.042126e-02
9.430400e-02
9.833729e-02
1.025199e-01
1.068869e-01
1.114560e-01
1.162633e-01
1.213520e-01
1.267559e-01
1.325571e-01
1.388068e-01
1.456334e-01
1.531910e-01
1.616911e-01
1.714881e-01
1.831927e-01
1.979533e-01
2.185602e-01
2.552440e-01
