-2.581488e-01
-2.207479e-01
-1.996865e-01
-1.846392e-01
-1.726765e-01
-1.626412e-01
-1.539483e-01
-1.462232e-01
-1.392338e-01
-1.328264e-01
-1.269002e-01
-1.213613e-01
-1.161536e-01
-1.112190e-01
-1.065279e-01
-1.020487e-01
-9.774616e-02
-9.361297e-02
-8.961740e-02
-8.575679e-02
-8.200750e-02
-7.836210e-02
-7.481254e-02
-7.135139e-02
-6.796629e-02
-6.465747e-02
-6.141103e-02
-5.822178e-02
-5.508541e-02
-5.199407e-02
-4.895356e-02
-4.595224e-02
-4.299279e-02
-4.007059e-02
-3.718032e-02
-3.431755e-02
-3.148069e-02
-2.866708e-02
-2.587354e-02
-2.310243e-02
-2.034082e-02
-1.759649e-02
-1.486578e-02
-1.214868e-02
-9.438537e-03
-6.735735e-03
-4.030810e-03
-1.329223e-03
1.366891e-03
4.065149e-03
6.765102e-03
9.471195e-03
1.218197e-02
1.490342e-02
1.763756e-02
2.038358e-02
2.313861e-02
2.591165e-02
2.870567e-02
3.151871e-02
3.435688e-02
3.722254e-02
4.011690e-02
4.304040e-02
4.599991e-02
4.899645e-02
5.204203e-02
5.512299e-02
5.826185e-02
6.144708e-02
6.469494e-02
6.800334e-02
7.138356e-02
7.484291e-02
7.839028e-02
8.203570e-02
8.578148e-02
8.964518e-02
9.363367e-02
9.777048e-02
1.020707e-01
1.065542e-01
1.112483e-01
1.161811e-01
1.214037e-01
1.269374e-01
1.328686e-01
1.392636e-01
1.462441e-01
1.539770e-01
1.626699e-01
1.726871e-01
1.846341e-01
1.997075e-01
2.207211e-01
2.581352e-01
