9.691125e-01
8.461538e-01
8.985840e-01
9.920008e-01
9.595149e-01
9.717231e-01
9.303074e-01
9.229567e-01
9.159351e-01
9.716446e-01
9.574558e-01
9.099661e-01
9.614581e-01
9.679603e-01
9.157536e-01
9.181516e-01
9.097093e-01
9.213165e-01
8.634825e-01
8.893602e-01
9.710026e-01
9.703074e-01
9.425204e-01
9.594326e-01
9.359387e-01
9.654056e-01
9.048482e-01
9.416752e-01
9.147351e-01
9.056012e-01
9.165372e-01
9.570730e-01
9.531371e-01
8.615383e-01
9.302886e-01
9.347278e-01
9.645210e-01
9.559996e-01
9.603860e-01
8.235178e-01
8.422197e-01
9.608325e-01
9.680061e-01
8.518914e-01
9.122941e-01
9.056818e-01
9.910351e-01
9.777865e-01
9.580953e-01
9.849712e-01
9.302491e-01
9.275352e-01
9.413510e-01
9.220271e-01
9.540200e-01
9.321113e-01
9.401342e-01
9.640153e-01
8.248086e-01
9.668751e-01
9.258476e-01
8.964538e-01
9.746309e-01
9.318194e-01
9.172776e-01
9.436982e-01
8.965566e-01
9.473019e-01
9.113303e-01
9.550954e-01
9.201232e-01
8.845594e-01
7.589004e-01
8.175679e-01
9.562395e-01
9.432412e-01
9.678679e-01
9.174008e-01
8.851991e-01
9.641948e-01
9.812023e-01
9.581511e-01
9.737278e-01
9.794440e-01
9.385520e-01
9.641365e-01
9.772239e-01
9.790555e-01
9.223677e-01
9.667261e-01
9.347009e-01
8.954610e-01
9.516120e-01
8.578412e-01
9.457310e-01
9.054256e-01
9.618185e-01
9.477715e-01
9.463852e-01
9.683288e-01
8.740406e-01
9.531153e-01
9.200021e-01
9.366276e-01
9.456809e-01
9.363593e-01
9.432586e-01
9.013626e-01
9.237474e-01
9.301190e-01
9.399106e-01
9.840461e-01
8.271798e-01
9.323959e-01
9.392690e-01
9.325702e-01
8.980519e-01
9.678543e-01
9.633648e-01
8.634409e-01
9.382377e-01
9.281502e-01
9.343158e-01
9.766695e-01
9.454498e-01
9.670285e-01
9.431230e-01
9.206691e-01
9.690561e-01
9.261695e-01
9.039481e-01
9.521045e-01
9.772600e-01
9.101061e-01
9.167740e-01
9.542646e-01
9.330033e-01
8.672032e-01
9.586586e-01
9.563664e-01
8.390376e-01
9.792530e-01
8.989233e-01
9.831538e-01
9.440339e-01
8.885917e-01
9.655532e-01
9.286355e-01
9.689134e-01
9.749899e-01
8.817564e-01
9.169263e-01
9.590833e-01
9.225624e-01
8.757951e-01
9.629049e-01
9.222056e-01
9.252234e-01
9.036762e-01
9.745310e-01
9.289077e-01
9.714681e-01
9.604977e-01
9.633839e-01
9.161800e-01
8.991653e-01
9.651849e-01
9.243523e-01
9.164707e-01
9.328382e-01
9.113930e-01
9.387010e-01
8.915475e-01
9.684023e-01
9.725408e-01
9.401777e-01
8.637995e-01
9.130757e-01
9.686968e-01
8.778019e-01
9.255174e-01
8.773232e-01
9.310972e-01
9.713461e-01
9.761321e-01
9.346680e-01
9.682436e-01
8.401739e-01
9.261577e-01
9.047637e-01
7.499276e-01
9.662666e-01
9.759738e-01
9.855623e-01
9.190259e-01
8.339303e-01
8.959859e-01
9.669378e-01
9.507702e-01
9.483776e-01
9.173795e-01
9.527593e-01
9.578866e-01
9.004820e-01
9.409953e-01
9.149253e-01
9.758548e-01
9.412240e-01
9.762537e-01
9.456470e-01
9.637829e-01
9.490299e-01
9.467501e-01
9.514071e-01
9.460357e-01
9.233103e-01
9.289326e-01
9.613536e-01
9.750813e-01
9.510185e-01
9.564912e-01
9.380872e-01
9.117229e-01
9.768379e-01
9.771563e-01
9.438168e-01
8.935040e-01
9.181002e-01
9.703093e-01
9.161487e-01
9.623844e-01
9.067233e-01
9.618165e-01
9.471118e-01
9.666114e-01
8.931504e-01
9.768889e-01
8.996141e-01
9.570403e-01
9.495207e-01
9.490444e-01
9.217351e-01
9.591573e-01
9.807533e-01
9.479424e-01
9.714326e-01
9.384593e-01
9.815071e-01
9.799552e-01
9.479868e-01
7.577575e-01
9.706815e-01
8.760975e-01
9.136652e-01
8.867679e-01
9.381066e-01
8.688529e-01
9.205124e-01
9.715849e-01
9.447485e-01
9.769586e-01
9.397480e-01
9.715826e-01
9.248501e-01
8.936158e-01
9.501461e-01
9.740212e-01
8.820047e-01
9.712807e-01
9.059377e-01
9.187234e-01
8.866838e-01
9.381929e-01
9.658689e-01
9.282206e-01
9.742857e-01
9.285203e-01
9.778143e-01
9.486308e-01
9.617270e-01
9.050358e-01
9.012131e-01
9.432120e-01
8.915787e-01
8.939901e-01
9.052970e-01
8.998617e-01
9.594788e-01
7.868852e-01
9.282651e-01
9.398118e-01
9.245740e-01
9.692919e-01
9.222228e-01
9.562837e-01
9.444671e-01
9.615371e-01
9.402055e-01
9.702220e-01
9.770784e-01
9.229542e-01
9.842950e-01
9.714657e-01
9.423007e-01
8.942057e-01
9.596320e-01
9.279483e-01
9.616777e-01
8.402059e-01
9.786242e-01
8.624851e-01
9.596764e-01
9.875754e-01
9.832500e-01
9.650110e-01
9.693719e-01
9.533514e-01
9.221704e-01
9.262821e-01
9.157597e-01
9.507378e-01
8.173975e-01
9.089218e-01
8.585543e-01
9.487998e-01
9.231702e-01
8.832028e-01
9.060179e-01
9.733229e-01
9.489643e-01
9.744795e-01
9.323238e-01
8.473061e-01
8.916592e-01
9.496496e-01
9.534921e-01
9.562968e-01
9.828052e-01
9.349390e-01
9.107370e-01
9.825113e-01
9.552971e-01
9.544458e-01
9.359205e-01
9.213907e-01
9.513447e-01
9.460826e-01
9.833936e-01
9.568972e-01
9.140003e-01
9.545755e-01
8.962385e-01
9.702744e-01
8.983694e-01
9.433315e-01
9.607311e-01
9.746813e-01
7.914409e-01
8.875792e-01
9.484027e-01
9.284534e-01
9.278758e-01
9.249097e-01
9.445018e-01
9.697630e-01
9.656480e-01
9.430965e-01
9.418243e-01
9.481343e-01
9.799604e-01
9.553385e-01
9.333161e-01
9.333465e-01
8.849289e-01
8.998223e-01
9.565577e-01
9.000149e-01
8.792617e-01
9.265191e-01
9.795833e-01
9.578245e-01
9.721103e-01
9.713211e-01
9.533131e-01
8.834912e-01
9.161787e-01
9.495314e-01
8.659879e-01
9.539624e-01
8.997486e-01
9.534190e-01
9.471498e-01
9.263077e-01
8.712773e-01
9.576021e-01
9.261465e-01
8.570796e-01
9.594503e-01
9.379920e-01
9.523101e-01
9.362427e-01
8.828528e-01
9.199403e-01
9.650958e-01
9.432941e-01
9.495745e-01
9.551807e-01
9.394752e-01
9.432812e-01
9.904002e-01
9.160914e-01
9.549231e-01
9.291166e-01
9.689912e-01
9.678421e-01
9.267393e-01
8.726797e-01
8.325262e-01
8.894944e-01
9.338974e-01
9.695351e-01
9.332571e-01
9.358605e-01
8.975915e-01
9.833469e-01
9.497368e-01
9.119633e-01
9.725941e-01
8.929087e-01
9.465575e-01
7.992673e-01
8.532049e-01
8.796652e-01
8.831260e-01
9.413762e-01
9.305957e-01
9.128955e-01
9.781882e-01
9.505271e-01
9.473526e-01
8.900940e-01
9.619867e-01
9.691898e-01
9.434370e-01
9.375779e-01
9.230500e-01
9.340277e-01
9.452259e-01
9.787412e-01
9.444530e-01
9.483052e-01
9.699428e-01
9.309225e-01
9.429393e-01
9.314418e-01
7.989349e-01
9.463563e-01
9.622959e-01
9.666403e-01
9.301029e-01
9.345440e-01
9.264471e-01
9.687452e-01
9.774360e-01
9.152920e-01
9.388095e-01
9.825693e-01
9.678937e-01
9.686084e-01
9.085608e-01
8.423284e-01
8.334599e-01
9.795608e-01
9.564813e-01
9.205762e-01
8.943812e-01
9.702534e-01
8.650394e-01
9.208027e-01
9.143971e-01
9.262424e-01
7.715640e-01
8.765444e-01
9.478459e-01
9.634418e-01
9.680461e-01
9.475802e-01
9.567070e-01
8.538675e-01
8.617096e-01
9.339028e-01
8.937515e-01
9.570584e-01
8.938727e-01
9.656952e-01
9.493858e-01
9.250729e-01
9.633831e-01
9.440444e-01
9.556757e-01
9.142120e-01
9.775676e-01
9.505097e-01
8.853537e-01
9.704687e-01
7.521461e-01
8.594882e-01
9.421696e-01
9.457345e-01
9.044837e-01
9.227912e-01
9.676664e-01
9.298282e-01
9.094231e-01
9.376224e-01
9.501933e-01
9.530618e-01
9.884999e-01
8.931557e-01
9.896268e-01
9.382701e-01
9.443005e-01
9.675535e-01
9.198671e-01
9.378908e-01
9.643313e-01
9.566463e-01
9.795604e-01
9.534341e-01
9.465468e-01
9.064701e-01
9.733694e-01
9.291796e-01
9.883793e-01
7.632451e-01
9.214929e-01
8.297910e-01
9.386428e-01
9.703924e-01
9.797068e-01
9.275060e-01
9.099631e-01
8.823129e-01
9.471960e-01
9.394006e-01
9.118038e-01
9.649631e-01
9.506729e-01
7.446329e-01
8.955005e-01
8.914570e-01
8.925762e-01
9.085334e-01
9.088770e-01
9.705745e-01
8.919567e-01
9.002863e-01
7.448721e-01
9.597195e-01
9.718860e-01
8.553096e-01
9.639410e-01
9.486692e-01
9.525796e-01
9.610147e-01
9.344098e-01
9.493076e-01
9.752395e-01
9.431810e-01
9.575769e-01
9.610039e-01
9.594626e-01
9.559434e-01
9.390383e-01
8.814914e-01
9.782463e-01
9.506528e-01
9.388958e-01
9.659735e-01
9.495982e-01
9.286321e-01
9.135832e-01
8.729372e-01
9.695677e-01
9.072724e-01
9.404990e-01
9.626916e-01
9.707942e-01
9.718768e-01
9.254715e-01
9.474661e-01
9.249990e-01
8.948589e-01
9.417199e-01
9.399340e-01
9.654696e-01
8.979549e-01
9.621540e-01
9.546134e-01
8.668391e-01
8.974620e-01
9.524305e-01
9.624382e-01
9.076192e-01
9.576239e-01
7.947768e-01
9.661737e-01
8.618339e-01
8.233889e-01
7.575078e-01
9.899669e-01
9.921531e-01
8.490193e-01
8.532596e-01
9.478381e-01
9.817740e-01
9.213018e-01
9.780428e-01
9.313653e-01
9.843964e-01
9.335267e-01
9.496703e-01
9.585236e-01
9.244054e-01
9.347024e-01
9.686578e-01
8.951686e-01
9.498571e-01
9.628158e-01
9.693408e-01
8.344527e-01
9.330671e-01
8.559504e-01
9.595168e-01
9.796151e-01
7.126703e-01
9.092646e-01
9.576577e-01
8.912391e-01
8.650083e-01
9.409997e-01
9.705288e-01
9.760080e-01
9.494324e-01
9.497626e-01
9.764186e-01
9.453140e-01
9.044310e-01
9.400301e-01
9.769991e-01
9.281328e-01
9.666220e-01
9.659742e-01
8.738767e-01
9.578752e-01
8.229049e-01
8.970105e-01
9.628988e-01
9.620960e-01
9.810195e-01
9.708187e-01
9.255295e-01
8.992082e-01
9.580552e-01
9.089555e-01
8.403135e-01
9.146946e-01
9.267786e-01
9.438921e-01
9.575514e-01
9.621899e-01
9.464260e-01
8.844663e-01
9.022392e-01
9.198614e-01
9.585437e-01
9.626233e-01
9.533588e-01
9.522812e-01
7.758419e-01
9.570079e-01
9.534600e-01
8.864748e-01
9.296480e-01
9.442412e-01
9.670647e-01
9.589754e-01
9.639812e-01
8.825569e-01
9.696439e-01
9.388753e-01
9.498352e-01
8.361795e-01
9.245730e-01
8.271129e-01
9.051096e-01
9.768875e-01
7.623755e-01
9.341408e-01
9.363632e-01
9.425986e-01
9.221482e-01
9.454986e-01
9.387787e-01
9.331332e-01
9.730298e-01
8.576817e-01
7.975736e-01
9.699506e-01
9.767490e-01
9.662335e-01
9.467583e-01
9.809181e-01
8.743234e-01
9.616583e-01
7.311926e-01
9.038478e-01
9.412544e-01
9.785516e-01
9.806360e-01
9.232830e-01
8.098127e-01
8.958553e-01
8.816779e-01
8.279084e-01
9.234054e-01
6.727782e-01
9.179262e-01
9.211196e-01
9.290747e-01
9.692784e-01
9.163608e-01
9.762136e-01
9.436952e-01
9.257060e-01
9.371716e-01
7.770659e-01
9.231198e-01
9.561471e-01
9.119475e-01
9.399952e-01
8.837635e-01
9.129447e-01
9.660490e-01
9.567161e-01
8.250147e-01
8.300717e-01
8.446292e-01
8.970064e-01
9.770553e-01
9.784950e-01
9.588830e-01
9.756701e-01
8.823304e-01
9.183619e-01
9.286601e-01
9.074935e-01
9.409141e-01
9.168914e-01
9.388329e-01
7.582206e-01
8.826884e-01
9.753212e-01
9.287593e-01
9.546970e-01
9.580318e-01
8.888276e-01
9.388882e-01
9.325010e-01
9.784966e-01
8.467804e-01
9.517820e-01
9.134773e-01
8.879905e-01
9.004503e-01
9.497189e-01
9.368385e-01
9.563599e-01
9.441441e-01
9.325379e-01
9.241871e-01
9.577254e-01
7.950314e-01
8.675849e-01
9.632532e-01
9.634595e-01
9.453893e-01
9.405846e-01
9.422387e-01
9.558285e-01
9.437809e-01
9.795289e-01
9.769439e-01
9.629869e-01
9.097728e-01
9.796085e-01
7.898773e-01
9.907609e-01
8.846406e-01
9.076161e-01
9.698451e-01
9.741214e-01
9.635853e-01
9.744482e-01
8.721311e-01
8.875583e-01
8.206252e-01
9.699172e-01
9.556983e-01
9.664688e-01
9.468976e-01
9.691166e-01
9.583744e-01
9.235648e-01
8.692930e-01
9.795926e-01
9.547486e-01
9.684457e-01
8.280849e-01
9.803299e-01
9.743025e-01
9.691497e-01
8.996587e-01
9.847915e-01
9.549131e-01
9.645896e-01
9.424598e-01
9.130863e-01
9.056316e-01
9.106561e-01
9.585792e-01
9.598589e-01
9.373531e-01
9.380975e-01
9.692341e-01
9.450428e-01
9.481407e-01
9.533754e-01
9.541313e-01
9.296835e-01
9.260999e-01
8.978895e-01
9.231865e-01
9.290188e-01
9.481907e-01
9.495989e-01
9.400300e-01
8.493560e-01
9.420434e-01
9.461890e-01
9.658871e-01
9.040250e-01
9.289145e-01
9.376293e-01
9.806107e-01
9.892029e-01
9.707989e-01
7.988858e-01
8.196849e-01
9.032701e-01
9.091465e-01
9.793289e-01
9.380272e-01
9.514252e-01
9.498768e-01
9.652603e-01
9.071003e-01
9.814117e-01
9.572965e-01
9.781366e-01
9.243763e-01
9.528493e-01
9.312656e-01
9.678583e-01
9.663341e-01
8.836512e-01
8.921498e-01
8.769453e-01
9.619218e-01
9.818911e-01
9.214913e-01
9.622596e-01
8.582467e-01
9.454124e-01
9.457591e-01
9.079859e-01
9.140552e-01
8.259965e-01
8.100034e-01
9.055616e-01
9.844569e-01
9.360903e-01
9.541779e-01
9.643480e-01
9.450974e-01
9.581487e-01
9.158921e-01
9.774030e-01
9.444233e-01
9.688479e-01
8.125690e-01
9.297505e-01
8.742804e-01
8.822299e-01
9.426035e-01
9.653468e-01
9.650434e-01
9.400996e-01
9.408115e-01
9.750778e-01
9.542742e-01
9.680689e-01
8.656729e-01
9.287163e-01
9.156644e-01
9.586568e-01
9.416048e-01
8.435186e-01
8.726679e-01
9.175698e-01
8.778062e-01
8.672296e-01
9.492259e-01
8.885728e-01
9.062090e-01
9.571379e-01
9.842095e-01
9.664655e-01
9.315850e-01
9.657654e-01
9.125079e-01
9.468752e-01
8.684854e-01
8.762707e-01
7.804302e-01
9.755992e-01
9.646921e-01
9.206704e-01
9.035598e-01
9.431510e-01
9.669171e-01
9.075309e-01
9.199312e-01
9.176047e-01
9.591412e-01
9.445413e-01
8.266688e-01
9.232103e-01
9.322571e-01
8.898675e-01
8.392454e-01
8.979749e-01
8.036244e-01
7.434956e-01
9.282502e-01
9.375354e-01
9.598142e-01
9.109530e-01
9.405839e-01
8.481863e-01
9.208648e-01
9.531058e-01
8.926158e-01
9.506118e-01
9.632490e-01
9.622546e-01
9.511551e-01
8.735131e-01
8.226386e-01
8.301094e-01
9.604268e-01
8.917208e-01
9.121510e-01
9.094545e-01
9.731862e-01
9.782256e-01
9.537801e-01
9.495991e-01
9.333095e-01
9.676512e-01
9.642061e-01
9.427703e-01
9.320218e-01
9.695135e-01
9.687230e-01
8.996111e-01
8.740310e-01
9.506708e-01
9.547515e-01
9.421998e-01
9.577501e-01
8.721002e-01
9.507928e-01
9.111301e-01
9.258280e-01
9.518171e-01
9.482118e-01
8.762059e-01
9.799770e-01
9.178521e-01
9.546205e-01
8.951349e-01
8.775487e-01
8.168446e-01
8.572845e-01
8.995221e-01
7.804527e-01
9.739587e-01
9.618715e-01
8.815142e-01
9.163251e-01
9.431692e-01
9.818472e-01
8.907509e-01
9.656860e-01
9.452779e-01
9.641616e-01
9.655255e-01
8.652361e-01
9.465343e-01
9.258347e-01
9.147159e-01
9.029469e-01
8.370731e-01
9.573399e-01
9.509069e-01
9.254855e-01
9.490682e-01
9.133213e-01
9.483231e-01
9.213026e-01
8.765808e-01
8.804000e-01
9.291424e-01
9.255465e-01
9.614488e-01
9.291772e-01
9.775178e-01
9.364825e-01
9.094704e-01
9.336905e-01
9.398396e-01
8.829764e-01
9.691039e-01
9.664742e-01
9.112704e-01
9.140344e-01
9.418906e-01
9.619964e-01
8.519831e-01
9.611696e-01
8.153526e-01
9.526558e-01
9.578936e-01
9.246408e-01
9.925632e-01
9.601323e-01
8.995227e-01
9.104522e-01
9.530810e-01
9.813953e-01
9.311472e-01
8.825093e-01
9.868675e-01
9.063165e-01
9.737563e-01
9.451320e-01
8.889925e-01
7.180396e-01
9.585425e-01
9.441913e-01
9.063365e-01
9.760007e-01
7.495404e-01
7.780878e-01
9.904513e-01
9.371730e-01
9.129803e-01
9.239593e-01
9.329711e-01
9.802530e-01
9.573562e-01
9.050337e-01
9.594915e-01
9.724831e-01
9.510924e-01
9.548207e-01
9.743631e-01
9.631477e-01
9.168304e-01
9.685739e-01
9.805553e-01
9.692166e-01
9.221087e-01
9.248291e-01
9.129784e-01
9.581171e-01
9.816058e-01
9.552002e-01
9.137657e-01
9.295060e-01
9.558120e-01
8.665555e-01
9.780709e-01
9.231310e-01
9.602655e-01
9.275842e-01
8.930149e-01
9.567979e-01
9.151018e-01
9.612192e-01
9.189706e-01
9.017448e-01
9.413840e-01
9.528697e-01
9.148647e-01
9.464099e-01
9.645413e-01
9.725601e-01
9.681934e-01
9.706109e-01
9.771746e-01
9.571340e-01
9.578604e-01
9.791447e-01
9.339325e-01
9.301721e-01
8.721780e-01
9.797726e-01
8.771148e-01
9.137412e-01
9.292000e-01
8.440511e-01
9.197156e-01
9.684346e-01
9.280530e-01
8.958540e-01
8.730571e-01
9.661200e-01
9.230234e-01
9.285398e-01
9.462028e-01
9.602914e-01
9.641214e-01
9.483399e-01
9.249046e-01
8.816472e-01
9.713497e-01
9.747362e-01
9.441306e-01
9.070123e-01
7.567848e-01
8.421376e-01
9.060942e-01
8.839279e-01
9.228546e-01
9.378406e-01
9.857834e-01
9.418288e-01
9.489459e-01
9.468342e-01
9.552591e-01
9.082027e-01
9.299606e-01
8.518215e-01
9.131543e-01
8.338745e-01
9.615098e-01
9.787518e-01
8.687454e-01
9.488685e-01
9.646179e-01
9.810686e-01
8.388355e-01
9.531923e-01
9.884477e-01
8.976302e-01
9.747575e-01
9.433806e-01
9.638144e-01
9.521424e-01
9.061671e-01
8.580103e-01
9.566935e-01
9.787650e-01
9.643040e-01
9.322861e-01
9.590821e-01
9.615484e-01
6.889927e-01
9.449973e-01
9.371432e-01
9.457567e-01
8.993103e-01
9.420143e-01
9.428096e-01
9.693828e-01
9.628248e-01
9.335324e-01
9.161326e-01
9.652441e-01
9.800107e-01
9.441705e-01
9.570228e-01
9.586147e-01
8.354759e-01
9.799939e-01
9.707048e-01
9.411563e-01
9.200537e-01
9.402456e-01
9.726123e-01
9.549733e-01
9.572153e-01
9.276619e-01
9.474337e-01
9.460937e-01
9.612165e-01
9.552859e-01
9.511135e-01
9.153838e-01
9.120036e-01
9.370373e-01
9.335305e-01
9.663602e-01
8.317350e-01
9.881156e-01
8.723223e-01
9.349971e-01
9.035366e-01
9.316221e-01
9.164595e-01
9.174541e-01
9.788799e-01
9.625439e-01
8.835414e-01
8.956433e-01
9.424812e-01
9.071700e-01
9.839922e-01
8.668629e-01
9.575128e-01
9.501025e-01
8.518081e-01
9.894360e-01
9.631721e-01
9.883451e-01
9.379461e-01
9.586947e-01
9.046633e-01
9.924424e-01
8.443484e-01
7.888048e-01
9.286815e-01
9.670516e-01
9.670694e-01
9.104602e-01
9.140927e-01
8.654700e-01
9.539269e-01
9.167946e-01
9.689578e-01
9.212883e-01
9.155878e-01
9.750314e-01
9.497175e-01
9.287691e-01
9.544535e-01
8.852565e-01
9.314966e-01
9.830216e-01
9.704371e-01
9.459417e-01
9.800950e-01
8.942385e-01
9.424546e-01
9.596859e-01
7.455259e-01
9.824547e-01
9.184459e-01
9.243747e-01
9.062993e-01
9.434821e-01
9.533418e-01
7.811855e-01
8.948969e-01
9.374453e-01
9.529811e-01
9.879994e-01
9.348441e-01
9.685440e-01
9.781161e-01
9.092746e-01
7.556593e-01
9.024574e-01
9.556235e-01
9.287037e-01
9.285387e-01
8.837269e-01
9.317949e-01
8.863491e-01
9.783701e-01
9.569306e-01
9.269920e-01
9.076079e-01
8.429961e-01
9.039666e-01
8.579606e-01
9.290896e-01
9.710870e-01
9.693252e-01
9.511255e-01
8.815000e-01
9.459001e-01
8.979765e-01
8.587379e-01
9.218576e-01
9.432790e-01
9.431503e-01
9.183333e-01
9.132857e-01
9.627233e-01
9.564700e-01
9.305343e-01
9.431916e-01
8.962796e-01
9.362599e-01
9.257810e-01
9.686820e-01
8.674009e-01
8.961551e-01
9.427109e-01
9.803045e-01
9.388604e-01
7.179410e-01
9.420363e-01
9.646343e-01
9.238804e-01
9.432735e-01
8.356440e-01
9.431126e-01
9.731538e-01
9.233670e-01
9.162097e-01
9.250847e-01
9.382208e-01
9.621247e-01
8.884174e-01
9.476878e-01
9.609031e-01
8.085678e-01
9.708225e-01
8.775746e-01
9.688119e-01
9.530613e-01
9.576010e-01
8.967968e-01
9.781370e-01
9.667056e-01
9.417185e-01
9.447443e-01
9.669790e-01
9.640654e-01
9.348520e-01
9.533693e-01
9.382288e-01
9.762135e-01
8.476650e-01
9.508628e-01
9.561925e-01
9.707472e-01
9.079677e-01
9.337139e-01
8.391945e-01
8.898106e-01
9.244475e-01
9.729829e-01
9.249706e-01
9.003349e-01
9.705684e-01
9.788176e-01
7.453454e-01
9.767658e-01
9.138555e-01
9.495087e-01
9.619753e-01
9.639492e-01
9.458943e-01
9.051695e-01
9.301971e-01
9.525873e-01
9.030596e-01
9.738518e-01
9.171434e-01
8.410703e-01
8.709372e-01
9.499832e-01
9.621492e-01
8.440627e-01
9.530512e-01
9.320177e-01
9.222340e-01
9.748350e-01
9.715647e-01
9.032510e-01
9.620913e-01
9.207708e-01
9.444586e-01
8.713774e-01
9.761675e-01
9.652523e-01
9.058551e-01
9.074107e-01
7.988095e-01
9.396429e-01
9.641426e-01
9.726923e-01
9.785836e-01
9.285629e-01
9.763912e-01
9.762121e-01
8.854420e-01
8.894465e-01
8.130636e-01
9.548562e-01
9.048695e-01
9.474696e-01
9.417111e-01
9.648909e-01
9.237635e-01
9.626987e-01
9.107264e-01
9.373830e-01
9.598163e-01
9.592241e-01
9.699288e-01
8.995260e-01
9.542669e-01
9.237533e-01
9.450434e-01
9.623420e-01
9.383834e-01
9.798645e-01
9.472990e-01
9.099116e-01
9.524823e-01
8.700682e-01
9.221004e-01
9.441098e-01
9.035305e-01
9.576557e-01
9.722853e-01
7.876937e-01
9.718332e-01
9.397636e-01
9.388939e-01
9.280557e-01
8.471605e-01
9.308515e-01
9.338443e-01
9.698646e-01
9.034907e-01
9.425676e-01
9.133299e-01
9.589559e-01
9.557152e-01
9.745957e-01
9.513788e-01
9.343960e-01
8.594964e-01
9.379427e-01
8.858034e-01
9.068695e-01
9.407392e-01
9.760007e-01
8.556195e-01
9.358817e-01
9.723822e-01
8.969201e-01
9.086246e-01
9.625582e-01
8.621698e-01
9.619614e-01
9.479331e-01
8.564326e-01
9.329610e-01
9.068467e-01
8.996126e-01
8.569501e-01
9.486809e-01
9.390044e-01
9.519168e-01
8.661383e-01
9.591283e-01
9.242858e-01
9.332464e-01
8.591689e-01
9.026090e-01
9.274084e-01
8.941295e-01
9.698968e-01
8.296409e-01
9.746985e-01
9.137032e-01
9.596034e-01
8.997148e-01
9.525786e-01
8.964576e-01
9.608001e-01
8.758773e-01
9.573923e-01
9.486244e-01
9.653913e-01
9.620147e-01
8.741543e-01
8.656011e-01
9.459891e-01
8.986408e-01
9.034384e-01
8.718084e-01
9.694609e-01
9.135620e-01
9.031098e-01
9.009064e-01
9.505127e-01
9.471957e-01
9.700464e-01
9.257431e-01
9.750020e-01
8.834307e-01
9.712633e-01
9.346047e-01
9.410471e-01
9.769040e-01
9.403564e-01
9.694664e-01
9.657698e-01
8.791851e-01
9.516884e-01
9.463195e-01
9.631087e-01
9.548017e-01
9.625551e-01
8.739596e-01
9.566301e-01
8.753093e-01
9.934284e-01
9.275610e-01
9.288574e-01
9.083527e-01
9.401408e-01
9.467851e-01
9.182663e-01
8.356592e-01
9.479110e-01
9.061943e-01
9.609685e-01
9.502564e-01
9.719136e-01
9.663846e-01
9.549258e-01
9.467756e-01
8.812289e-01
9.348007e-01
9.242041e-01
9.323995e-01
9.202253e-01
9.580130e-01
9.762321e-01
8.387643e-01
8.885555e-01
9.198613e-01
9.150808e-01
9.070752e-01
9.327458e-01
9.088237e-01
9.215528e-01
7.824991e-01
9.651485e-01
9.741689e-01
9.217219e-01
9.092023e-01
9.142219e-01
9.260891e-01
9.619605e-01
9.785291e-01
9.456188e-01
9.752558e-01
9.626956e-01
9.577620e-01
9.335612e-01
9.428756e-01
9.059369e-01
9.384764e-01
9.669829e-01
9.711446e-01
9.200871e-01
9.756375e-01
8.658814e-01
8.483942e-01
9.389901e-01
9.298744e-01
9.437725e-01
9.491570e-01
9.130416e-01
8.655981e-01
9.662841e-01
9.703046e-01
8.648590e-01
8.980268e-01
8.401839e-01
8.567240e-01
9.546029e-01
9.767812e-01
9.001865e-01
9.748897e-01
9.489355e-01
8.402170e-01
9.120040e-01
8.230901e-01
9.594412e-01
9.580132e-01
9.860500e-01
9.158978e-01
9.031976e-01
9.761386e-01
9.364981e-01
9.186121e-01
9.593109e-01
9.651993e-01
9.468913e-01
9.457663e-01
8.253262e-01
9.457181e-01
9.817796e-01
9.719214e-01
8.785518e-01
9.384364e-01
9.656946e-01
9.218584e-01
9.229794e-01
9.743490e-01
9.340711e-01
9.491690e-01
9.780115e-01
9.578810e-01
8.758110e-01
9.379975e-01
9.594280e-01
9.695794e-01
8.628648e-01
9.400421e-01
9.313828e-01
8.901017e-01
9.886593e-01
9.077255e-01
9.462710e-01
9.611963e-01
9.694424e-01
8.704203e-01
9.278816e-01
9.457476e-01
8.851795e-01
9.340741e-01
9.676674e-01
9.274771e-01
9.019712e-01
9.853583e-01
9.209746e-01
8.509796e-01
9.763585e-01
9.542025e-01
9.017302e-01
8.875571e-01
9.638451e-01
9.150853e-01
9.597477e-01
9.272725e-01
9.430480e-01
9.054242e-01
9.783441e-01
9.362845e-01
9.039768e-01
9.676386e-01
8.922950e-01
9.738947e-01
9.394774e-01
9.877193e-01
9.472599e-01
9.232508e-01
9.510219e-01
8.933163e-01
9.736368e-01
9.557602e-01
8.999630e-01
9.118344e-01
9.727940e-01
9.734724e-01
9.556399e-01
9.281090e-01
9.352998e-01
9.608851e-01
9.689514e-01
8.967653e-01
9.744916e-01
9.700035e-01
9.738313e-01
7.838061e-01
9.374253e-01
9.395199e-01
9.302373e-01
9.540661e-01
8.506832e-01
9.309069e-01
9.724863e-01
9.383202e-01
9.330516e-01
9.380732e-01
9.556390e-01
9.796412e-01
9.452060e-01
9.143131e-01
8.920307e-01
9.762884e-01
8.504959e-01
9.166501e-01
9.021530e-01
9.649086e-01
9.495300e-01
9.567053e-01
9.584803e-01
6.947811e-01
9.535246e-01
9.208561e-01
9.811985e-01
9.234153e-01
8.363094e-01
9.157752e-01
9.216589e-01
9.635235e-01
9.419230e-01
9.348933e-01
9.231706e-01
9.557237e-01
9.608249e-01
9.566160e-01
9.225648e-01
9.725133e-01
9.236974e-01
9.318731e-01
9.503177e-01
9.456861e-01
8.823695e-01
9.615049e-01
8.935998e-01
8.963467e-01
9.527855e-01
9.541473e-01
9.566241e-01
9.425298e-01
9.441867e-01
9.670152e-01
7.920790e-01
9.668148e-01
9.456347e-01
9.440312e-01
9.620590e-01
9.255857e-01
8.795707e-01
9.169287e-01
9.377267e-01
9.883200e-01
9.022778e-01
9.915017e-01
9.757255e-01
8.002535e-01
9.014155e-01
9.314274e-01
9.741402e-01
9.576860e-01
8.627958e-01
9.552652e-01
9.166887e-01
9.607207e-01
9.238542e-01
9.793718e-01
9.436854e-01
9.678599e-01
9.381040e-01
9.470097e-01
8.219714e-01
9.435843e-01
9.331572e-01
9.551704e-01
9.565515e-01
9.208199e-01
9.286860e-01
8.963132e-01
8.682827e-01
8.448358e-01
9.464577e-01
8.386258e-01
9.258141e-01
8.976897e-01
7.843556e-01
9.692303e-01
9.518395e-01
9.459057e-01
9.201677e-01
9.087469e-01
9.755643e-01
9.717173e-01
9.349492e-01
9.774313e-01
9.898562e-01
9.539203e-01
9.622896e-01
9.047638e-01
9.621041e-01
9.526444e-01
9.760594e-01
9.645664e-01
9.716761e-01
9.500139e-01
9.613794e-01
9.222274e-01
8.409424e-01
9.510347e-01
9.434905e-01
9.733004e-01
8.904851e-01
9.237822e-01
8.864997e-01
9.746277e-01
9.704009e-01
9.361640e-01
9.792467e-01
9.552788e-01
9.214807e-01
9.466591e-01
9.200937e-01
9.358976e-01
9.601445e-01
9.019579e-01
9.438903e-01
9.578376e-01
9.486942e-01
9.254199e-01
8.318876e-01
8.642266e-01
9.440018e-01
9.016908e-01
9.288194e-01
9.283673e-01
9.510174e-01
9.382218e-01
8.820508e-01
8.661753e-01
8.417439e-01
9.106790e-01
9.186189e-01
9.339817e-01
9.443300e-01
9.709268e-01
9.551242e-01
9.631752e-01
9.474541e-01
9.227515e-01
9.495786e-01
9.532795e-01
9.055412e-01
9.656149e-01
9.130732e-01
9.588937e-01
8.740928e-01
9.445793e-01
8.481384e-01
9.223356e-01
9.699587e-01
9.252404e-01
9.061689e-01
9.373309e-01
8.436140e-01
9.775683e-01
9.361089e-01
9.842090e-01
9.154747e-01
9.415749e-01
8.423502e-01
8.994619e-01
9.448178e-01
9.489402e-01
8.255243e-01
9.273490e-01
8.446615e-01
9.831435e-01
9.165780e-01
9.611230e-01
8.495404e-01
9.505080e-01
9.681092e-01
9.417779e-01
9.068029e-01
9.352880e-01
9.303054e-01
9.746232e-01
9.689586e-01
9.618059e-01
9.195371e-01
9.327722e-01
7.573181e-01
9.682128e-01
8.891541e-01
9.706448e-01
9.695214e-01
9.477965e-01
9.598784e-01
9.476275e-01
8.095395e-01
8.788587e-01
9.592702e-01
9.052366e-01
9.192319e-01
9.600746e-01
7.977636e-01
9.747926e-01
9.506178e-01
9.526568e-01
9.894094e-01
9.884395e-01
9.781385e-01
9.437297e-01
8.963232e-01
9.484805e-01
9.404458e-01
9.632615e-01
9.317602e-01
9.604331e-01
9.056011e-01
9.249941e-01
8.146447e-01
9.217782e-01
9.657599e-01
9.465490e-01
9.243658e-01
9.611399e-01
9.622078e-01
8.875175e-01
9.698600e-01
7.142941e-01
9.600134e-01
9.815696e-01
9.611397e-01
9.078630e-01
9.752291e-01
9.454680e-01
9.440409e-01
9.130260e-01
9.140494e-01
9.413400e-01
9.590350e-01
9.551116e-01
9.715811e-01
9.552444e-01
9.422245e-01
9.376672e-01
9.245664e-01
9.742405e-01
9.888034e-01
9.425219e-01
7.911915e-01
9.326539e-01
8.807464e-01
8.914262e-01
8.867306e-01
9.580218e-01
9.563934e-01
9.106736e-01
9.824458e-01
8.593371e-01
8.990459e-01
9.476349e-01
9.509147e-01
9.740128e-01
8.098933e-01
9.623955e-01
9.658360e-01
9.635826e-01
8.839261e-01
9.167937e-01
9.368509e-01
9.456470e-01
9.485243e-01
9.518368e-01
9.643165e-01
9.609068e-01
7.705156e-01
9.869060e-01
8.759549e-01
7.771004e-01
9.088476e-01
9.835001e-01
9.673086e-01
9.582998e-01
9.460969e-01
8.826062e-01
9.620197e-01
7.960275e-01
9.248218e-01
9.163342e-01
8.198396e-01
9.633164e-01
9.043885e-01
9.094926e-01
9.183683e-01
8.940211e-01
9.461208e-01
9.317505e-01
8.788055e-01
8.908958e-01
9.459579e-01
8.695527e-01
9.197835e-01
9.614004e-01
9.117617e-01
9.463773e-01
9.705147e-01
9.697994e-01
9.656409e-01
9.411287e-01
9.130161e-01
9.423707e-01
9.539548e-01
7.752517e-01
9.724877e-01
9.686609e-01
9.867832e-01
9.178543e-01
9.824319e-01
8.562517e-01
9.890734e-01
9.501839e-01
9.379206e-01
9.012286e-01
9.584752e-01
9.775695e-01
9.596999e-01
9.495780e-01
9.910310e-01
9.499985e-01
9.638376e-01
8.817682e-01
9.123004e-01
9.627255e-01
8.953679e-01
9.490902e-01
8.981933e-01
9.578011e-01
9.858933e-01
9.538539e-01
9.212452e-01
9.257791e-01
9.803617e-01
9.498111e-01
9.324812e-01
9.674372e-01
9.390298e-01
9.079411e-01
9.514550e-01
9.689955e-01
9.637431e-01
9.544287e-01
8.583108e-01
7.914579e-01
9.566406e-01
8.958577e-01
8.724317e-01
8.998408e-01
8.562570e-01
9.863177e-01
9.366937e-01
9.584319e-01
8.198395e-01
9.783121e-01
9.225183e-01
9.065182e-01
9.576218e-01
9.270664e-01
9.638871e-01
9.562350e-01
8.983928e-01
9.920675e-01
9.692967e-01
9.885499e-01
9.453686e-01
8.735961e-01
9.371879e-01
9.702624e-01
9.860920e-01
9.373734e-01
9.421328e-01
9.264268e-01
9.758506e-01
9.431348e-01
8.746893e-01
8.781366e-01
9.533634e-01
9.602289e-01
9.377033e-01
8.017314e-01
9.054876e-01
9.351491e-01
9.745162e-01
8.905317e-01
9.080187e-01
9.485428e-01
9.323743e-01
9.464633e-01
8.939094e-01
9.452502e-01
9.569076e-01
9.010467e-01
9.408861e-01
9.368411e-01
9.045396e-01
9.398643e-01
9.411470e-01
9.326301e-01
9.396048e-01
9.278552e-01
9.682215e-01
9.531807e-01
8.141239e-01
8.505109e-01
9.536929e-01
9.776942e-01
9.581127e-01
9.623387e-01
9.440700e-01
9.722070e-01
9.590847e-01
9.717062e-01
9.759057e-01
9.301765e-01
9.414090e-01
9.673810e-01
9.029497e-01
9.656964e-01
9.572879e-01
8.770309e-01
9.566947e-01
9.176306e-01
9.116990e-01
9.522151e-01
9.380142e-01
8.758552e-01
9.026305e-01
9.182871e-01
9.681440e-01
8.894748e-01
7.762511e-01
9.493926e-01
9.302434e-01
9.002125e-01
8.140377e-01
9.414959e-01
8.420463e-01
9.083382e-01
9.412668e-01
8.996304e-01
9.530668e-01
9.827787e-01
8.849134e-01
9.616330e-01
9.353479e-01
9.399043e-01
8.442191e-01
8.523551e-01
8.956495e-01
9.497406e-01
9.805315e-01
9.716240e-01
9.200390e-01
9.538662e-01
9.299878e-01
9.176985e-01
9.843524e-01
9.409311e-01
9.641768e-01
9.377676e-01
9.235537e-01
9.925242e-01
9.424779e-01
9.674661e-01
8.936930e-01
8.180622e-01
8.854494e-01
7.601901e-01
8.886467e-01
9.376241e-01
9.033392e-01
9.659258e-01
9.796946e-01
9.542082e-01
9.254181e-01
8.612339e-01
9.585001e-01
9.669083e-01
9.256850e-01
9.678175e-01
8.441413e-01
9.411531e-01
9.162647e-01
9.650762e-01
9.674373e-01
9.225250e-01
9.112436e-01
9.849941e-01
9.565984e-01
9.559091e-01
9.470442e-01
9.399595e-01
9.516546e-01
9.643494e-01
9.150453e-01
8.494530e-01
9.783565e-01
9.143225e-01
8.136576e-01
9.377748e-01
9.627132e-01
9.270571e-01
9.155405e-01
9.574551e-01
9.678458e-01
9.529889e-01
9.693267e-01
9.441811e-01
8.292544e-01
9.589051e-01
8.487026e-01
9.686336e-01
9.635673e-01
9.142374e-01
9.741893e-01
9.674021e-01
9.636346e-01
9.459859e-01
9.491890e-01
9.616080e-01
9.252422e-01
9.204447e-01
8.897015e-01
9.115129e-01
9.295609e-01
8.975877e-01
9.257755e-01
9.656524e-01
9.697583e-01
9.750203e-01
8.860500e-01
9.746880e-01
9.658565e-01
9.785514e-01
9.383722e-01
9.646331e-01
8.831000e-01
9.318674e-01
9.751571e-01
9.583185e-01
9.547442e-01
9.567842e-01
9.452348e-01
9.038812e-01
9.625790e-01
9.280406e-01
9.409391e-01
9.330572e-01
9.802073e-01
9.638705e-01
9.358821e-01
8.966167e-01
9.549219e-01
9.382848e-01
9.251510e-01
9.792127e-01
9.871033e-01
9.138918e-01
9.523612e-01
9.322041e-01
8.724355e-01
9.529352e-01
9.615876e-01
9.543059e-01
9.062825e-01
9.593020e-01
9.486814e-01
8.874224e-01
9.171908e-01
9.189162e-01
9.672502e-01
9.219239e-01
9.389984e-01
9.013506e-01
9.479655e-01
8.843243e-01
8.754507e-01
9.760859e-01
9.340458e-01
9.350831e-01
9.528128e-01
9.577163e-01
9.287007e-01
9.525781e-01
9.253081e-01
7.831689e-01
9.449013e-01
9.205490e-01
9.683270e-01
9.620322e-01
9.681812e-01
9.690278e-01
9.473862e-01
8.974562e-01
9.816766e-01
9.840201e-01
9.488397e-01
9.498937e-01
9.632037e-01
9.620857e-01
9.095795e-01
9.100561e-01
8.879374e-01
9.602155e-01
8.836680e-01
9.509929e-01
8.709093e-01
9.467508e-01
9.577535e-01
9.007153e-01
8.835031e-01
9.230080e-01
9.744396e-01
9.762753e-01
9.314552e-01
9.434883e-01
8.663090e-01
9.625056e-01
9.409470e-01
9.527937e-01
8.266875e-01
9.196826e-01
9.465185e-01
9.500710e-01
9.616082e-01
7.869276e-01
8.894706e-01
9.038781e-01
9.313394e-01
9.464455e-01
9.651251e-01
9.539589e-01
9.381802e-01
9.846986e-01
9.333331e-01
9.654760e-01
9.663641e-01
9.856531e-01
9.712878e-01
9.195107e-01
8.936911e-01
9.343478e-01
9.509599e-01
9.669185e-01
8.721492e-01
8.748690e-01
9.648017e-01
9.527700e-01
9.832019e-01
9.525054e-01
6.971930e-01
9.479512e-01
8.929988e-01
9.828205e-01
9.566011e-01
9.619538e-01
9.410689e-01
9.115910e-01
9.357893e-01
9.509721e-01
9.647824e-01
9.542033e-01
9.253051e-01
9.458678e-01
8.617483e-01
9.101531e-01
9.237995e-01
9.023464e-01
8.896778e-01
9.386006e-01
8.614267e-01
9.328985e-01
9.285018e-01
9.062805e-01
9.241796e-01
9.170932e-01
9.791936e-01
9.749950e-01
9.518909e-01
9.198996e-01
9.262595e-01
9.500493e-01
9.397511e-01
9.765591e-01
9.036515e-01
9.599120e-01
9.303291e-01
9.606501e-01
9.542109e-01
9.699520e-01
9.892603e-01
9.677835e-01
9.468161e-01
9.240440e-01
9.732893e-01
8.470613e-01
9.633784e-01
9.190808e-01
8.653327e-01
9.212551e-01
9.727662e-01
9.699263e-01
9.609090e-01
9.728000e-01
8.889851e-01
9.291340e-01
9.567418e-01
9.692988e-01
8.964301e-01
9.027433e-01
9.367000e-01
9.725401e-01
9.574052e-01
9.682266e-01
9.442673e-01
9.415541e-01
9.034752e-01
9.805317e-01
9.461921e-01
9.698321e-01
9.004398e-01
9.715060e-01
9.076908e-01
9.754464e-01
8.995907e-01
9.077509e-01
9.375855e-01
9.659291e-01
9.767129e-01
8.961991e-01
9.542274e-01
9.738322e-01
8.217768e-01
9.750932e-01
9.558325e-01
9.167950e-01
9.124695e-01
8.993045e-01
9.926964e-01
9.557606e-01
9.660541e-01
9.626779e-01
9.594331e-01
9.581859e-01
9.871309e-01
9.415029e-01
9.437790e-01
9.390384e-01
9.484244e-01
8.952276e-01
8.796617e-01
8.860050e-01
9.071738e-01
8.738365e-01
9.567360e-01
9.177174e-01
9.202536e-01
9.269562e-01
8.435819e-01
8.688508e-01
9.574207e-01
9.261133e-01
9.200252e-01
9.322848e-01
9.662361e-01
9.516252e-01
9.173654e-01
8.504305e-01
9.579287e-01
9.718480e-01
9.623121e-01
8.581418e-01
8.791090e-01
9.369790e-01
9.489224e-01
8.253023e-01
8.964320e-01
9.866824e-01
8.042956e-01
9.013379e-01
9.506492e-01
9.631072e-01
9.017080e-01
9.553541e-01
9.637738e-01
9.571434e-01
9.555479e-01
9.493729e-01
9.454243e-01
9.389503e-01
9.721425e-01
9.772073e-01
9.522118e-01
9.828573e-01
9.563615e-01
9.657125e-01
8.942225e-01
9.065303e-01
9.521276e-01
8.915441e-01
9.281471e-01
9.349528e-01
9.455361e-01
9.737710e-01
9.572780e-01
9.528115e-01
9.646495e-01
9.714453e-01
9.156941e-01
9.747971e-01
8.773452e-01
9.517923e-01
9.600658e-01
9.247905e-01
9.384145e-01
8.351444e-01
9.752670e-01
9.683145e-01
9.514496e-01
9.297371e-01
9.431329e-01
9.716412e-01
9.109660e-01
8.794725e-01
7.545854e-01
9.555119e-01
9.430239e-01
9.699248e-01
9.565838e-01
9.322864e-01
9.350429e-01
9.735388e-01
9.567400e-01
8.780452e-01
9.681310e-01
9.127542e-01
9.591132e-01
9.599545e-01
8.157599e-01
9.269995e-01
8.582662e-01
9.316988e-01
9.214111e-01
9.122044e-01
9.926739e-01
9.815174e-01
8.896210e-01
9.057402e-01
9.599757e-01
9.618431e-01
9.628707e-01
9.224679e-01
9.138727e-01
9.765114e-01
8.632873e-01
9.345452e-01
9.685795e-01
9.905099e-01
9.135641e-01
9.487409e-01
9.310529e-01
9.853967e-01
9.401745e-01
9.054202e-01
9.474607e-01
9.566373e-01
9.549504e-01
9.228499e-01
9.138854e-01
9.077223e-01
9.444668e-01
9.975491e-01
9.484330e-01
9.290697e-01
9.800242e-01
8.228869e-01
9.154974e-01
9.081867e-01
9.626062e-01
9.590041e-01
9.000804e-01
9.279410e-01
9.471593e-01
9.558097e-01
9.133280e-01
9.011993e-01
9.400748e-01
9.637676e-01
8.449549e-01
9.781321e-01
9.453569e-01
9.652780e-01
9.488210e-01
9.428869e-01
8.162286e-01
9.399751e-01
9.569168e-01
9.291897e-01
9.674127e-01
9.435532e-01
9.869102e-01
9.126185e-01
9.531372e-01
9.538729e-01
9.393305e-01
9.342314e-01
9.379191e-01
9.561945e-01
9.459933e-01
9.731610e-01
8.907784e-01
9.603802e-01
8.844423e-01
9.544357e-01
9.078416e-01
9.270710e-01
9.218932e-01
9.777837e-01
9.462118e-01
9.308236e-01
8.842292e-01
8.662207e-01
9.748002e-01
9.218146e-01
9.716922e-01
9.216168e-01
8.915017e-01
8.233762e-01
9.814538e-01
9.577934e-01
9.680798e-01
8.746650e-01
8.383107e-01
9.528783e-01
9.236534e-01
9.333096e-01
9.637696e-01
9.575239e-01
9.503548e-01
9.776172e-01
9.497292e-01
9.256328e-01
9.417433e-01
9.375056e-01
8.690603e-01
9.323725e-01
9.148128e-01
9.213557e-01
9.340085e-01
8.569797e-01
9.232531e-01
8.442045e-01
9.756302e-01
9.466769e-01
9.803160e-01
8.985050e-01
8.863738e-01
9.648026e-01
9.088207e-01
9.147641e-01
9.331150e-01
9.471937e-01
9.452491e-01
9.769375e-01
8.657961e-01
9.060827e-01
9.773251e-01
8.604192e-01
8.253288e-01
9.502905e-01
9.693374e-01
9.663053e-01
9.228401e-01
9.177789e-01
9.119693e-01
9.871776e-01
8.643967e-01
9.529510e-01
9.119407e-01
8.761959e-01
8.917547e-01
9.553811e-01
8.468638e-01
9.762129e-01
9.037683e-01
9.275915e-01
8.711097e-01
9.349222e-01
8.422499e-01
8.867368e-01
9.782492e-01
9.160257e-01
8.997656e-01
9.527302e-01
8.907884e-01
9.488714e-01
9.526290e-01
9.025395e-01
8.939618e-01
9.122560e-01
8.884685e-01
9.730242e-01
9.683310e-01
9.556104e-01
9.547524e-01
8.784987e-01
9.260300e-01
9.131466e-01
9.868798e-01
9.513350e-01
9.528919e-01
9.004403e-01
9.418793e-01
9.430219e-01
9.772542e-01
9.534966e-01
9.888638e-01
9.489213e-01
9.277761e-01
9.464455e-01
9.733582e-01
9.179111e-01
8.800665e-01
9.123837e-01
9.706348e-01
9.557165e-01
9.678941e-01
9.549957e-01
8.811342e-01
8.800503e-01
9.428084e-01
9.368626e-01
8.336986e-01
9.408451e-01
9.642503e-01
8.860007e-01
8.965869e-01
9.317544e-01
8.731786e-01
9.275026e-01
9.628787e-01
9.449086e-01
9.772570e-01
9.560016e-01
9.329657e-01
9.487488e-01
8.817205e-01
9.285571e-01
9.987517e-01
8.774689e-01
9.400365e-01
9.218945e-01
9.669926e-01
9.457653e-01
9.476550e-01
9.593897e-01
7.779841e-01
9.185758e-01
9.270795e-01
9.768437e-01
9.695070e-01
9.842134e-01
9.363185e-01
8.321885e-01
9.595563e-01
9.676597e-01
9.091039e-01
9.934611e-01
9.711263e-01
9.647009e-01
9.797472e-01
9.748679e-01
9.704262e-01
9.114435e-01
9.585790e-01
9.375557e-01
9.611831e-01
9.220217e-01
9.534679e-01
9.494287e-01
8.953553e-01
9.373840e-01
9.299943e-01
9.646011e-01
9.439753e-01
8.835484e-01
9.476367e-01
9.261345e-01
9.547751e-01
9.579364e-01
9.214920e-01
9.596628e-01
9.542795e-01
9.576388e-01
8.013281e-01
9.714848e-01
9.607715e-01
9.700522e-01
9.629624e-01
9.632646e-01
9.599500e-01
9.672558e-01
8.753288e-01
9.883800e-01
9.566195e-01
9.493562e-01
9.634018e-01
9.558496e-01
9.503683e-01
8.888918e-01
8.907182e-01
9.839825e-01
9.677900e-01
9.844916e-01
9.305851e-01
9.468306e-01
9.078599e-01
9.269339e-01
9.150769e-01
8.442040e-01
8.983913e-01
9.171700e-01
9.445731e-01
8.735789e-01
8.886229e-01
9.309314e-01
8.969819e-01
9.056727e-01
9.689050e-01
9.047998e-01
9.752453e-01
8.529708e-01
8.964460e-01
9.396482e-01
9.034667e-01
8.962573e-01
9.351810e-01
9.528050e-01
9.484823e-01
9.439649e-01
9.522494e-01
9.238085e-01
9.640232e-01
9.181232e-01
9.217208e-01
9.154582e-01
9.493425e-01
9.617919e-01
9.780189e-01
8.468254e-01
9.330390e-01
9.791304e-01
9.510138e-01
8.105746e-01
8.541119e-01
8.797639e-01
9.539209e-01
9.477607e-01
9.059741e-01
8.878052e-01
9.422512e-01
9.523967e-01
9.342828e-01
9.711799e-01
9.799268e-01
9.069050e-01
8.995837e-01
9.711867e-01
9.791509e-01
9.717946e-01
9.770205e-01
9.488722e-01
9.241155e-01
9.617789e-01
9.607345e-01
9.734106e-01
9.543037e-01
8.383704e-01
9.131050e-01
9.529166e-01
8.769563e-01
8.322219e-01
9.689847e-01
9.933459e-01
9.499508e-01
8.965534e-01
9.465762e-01
9.944053e-01
9.904895e-01
9.307684e-01
9.103604e-01
9.255048e-01
9.712289e-01
9.295559e-01
9.302250e-01
9.424765e-01
9.399080e-01
8.128848e-01
9.177604e-01
9.632557e-01
9.758099e-01
9.699903e-01
9.585027e-01
8.411815e-01
8.971875e-01
9.048276e-01
9.622123e-01
9.441866e-01
9.276993e-01
9.180931e-01
9.779339e-01
9.043523e-01
8.650161e-01
9.287146e-01
9.560326e-01
9.881311e-01
7.997000e-01
9.905746e-01
9.787657e-01
9.683026e-01
9.581141e-01
9.369779e-01
9.593579e-01
9.280694e-01
9.583473e-01
9.755900e-01
9.856991e-01
9.389417e-01
8.943447e-01
9.850064e-01
9.583481e-01
9.474404e-01
9.640288e-01
9.605421e-01
8.905976e-01
9.435979e-01
8.718325e-01
9.682052e-01
9.362664e-01
9.200401e-01
9.696546e-01
8.175149e-01
9.361766e-01
9.703277e-01
9.109716e-01
9.812853e-01
9.821494e-01
8.907528e-01
9.031717e-01
9.009634e-01
9.669284e-01
9.103923e-01
9.655164e-01
9.511554e-01
8.885388e-01
9.112578e-01
9.014804e-01
9.104395e-01
8.944406e-01
9.242545e-01
9.651742e-01
9.449102e-01
9.206795e-01
9.553687e-01
9.570163e-01
8.747238e-01
8.018660e-01
9.432203e-01
9.868724e-01
9.662418e-01
9.710376e-01
9.110812e-01
9.503869e-01
9.552964e-01
9.015074e-01
9.487685e-01
9.486766e-01
9.436874e-01
9.393568e-01
9.632407e-01
9.262396e-01
9.282493e-01
9.481674e-01
9.553774e-01
9.217953e-01
9.237878e-01
9.320710e-01
9.659839e-01
9.171839e-01
9.717564e-01
9.440886e-01
8.561118e-01
9.297711e-01
9.713218e-01
9.436936e-01
9.690627e-01
9.718688e-01
9.397434e-01
9.055621e-01
9.668786e-01
9.051524e-01
8.952789e-01
9.610517e-01
9.650081e-01
9.405370e-01
9.892172e-01
9.319584e-01
9.396236e-01
8.882612e-01
8.991761e-01
9.539555e-01
9.075052e-01
9.668115e-01
9.717213e-01
9.402469e-01
9.878029e-01
9.658392e-01
9.744694e-01
9.666585e-01
8.691575e-01
9.387517e-01
9.358448e-01
9.719567e-01
8.910544e-01
9.047125e-01
9.772861e-01
9.749393e-01
9.231133e-01
9.287107e-01
8.342330e-01
9.219936e-01
7.609542e-01
9.453160e-01
9.262640e-01
9.277123e-01
9.083301e-01
9.405585e-01
9.729809e-01
9.385932e-01
9.055015e-01
9.526597e-01
9.523907e-01
9.753042e-01
9.207946e-01
9.080068e-01
8.832517e-01
9.641898e-01
9.695743e-01
9.027000e-01
9.418741e-01
9.492774e-01
9.375341e-01
9.391424e-01
9.407062e-01
9.642631e-01
9.516600e-01
9.698964e-01
9.142325e-01
9.576551e-01
9.582191e-01
9.571985e-01
9.437049e-01
9.411769e-01
9.753236e-01
9.382296e-01
8.682335e-01
9.061199e-01
9.276337e-01
9.642761e-01
8.982615e-01
9.341106e-01
9.462369e-01
9.689343e-01
9.535206e-01
9.584297e-01
9.016234e-01
9.278735e-01
9.199874e-01
9.140367e-01
9.169505e-01
9.689649e-01
9.305358e-01
9.682363e-01
7.844620e-01
6.922686e-01
9.739515e-01
9.231471e-01
8.609294e-01
9.530451e-01
9.644421e-01
9.309721e-01
9.059127e-01
9.426688e-01
9.450866e-01
9.550995e-01
9.288450e-01
9.207883e-01
9.592876e-01
9.021736e-01
9.507843e-01
9.316324e-01
9.324556e-01
9.249553e-01
8.691656e-01
8.608645e-01
8.976969e-01
9.589160e-01
9.493719e-01
9.126390e-01
9.584093e-01
9.961802e-01
8.419289e-01
9.177606e-01
9.410713e-01
9.102188e-01
9.395393e-01
9.802398e-01
9.206715e-01
9.568998e-01
9.092151e-01
9.003725e-01
8.390156e-01
9.647901e-01
9.427420e-01
9.692820e-01
9.178057e-01
8.602292e-01
8.636096e-01
9.547896e-01
9.793226e-01
8.924361e-01
9.323223e-01
9.404371e-01
9.470880e-01
9.768595e-01
9.559048e-01
9.427418e-01
8.953826e-01
8.932134e-01
9.400719e-01
9.793978e-01
9.698132e-01
9.272401e-01
9.134611e-01
9.273849e-01
9.154325e-01
9.364425e-01
8.851504e-01
9.194848e-01
9.669473e-01
9.497462e-01
9.745202e-01
9.160748e-01
9.573644e-01
9.588402e-01
9.708149e-01
9.064766e-01
9.893953e-01
9.139834e-01
9.108197e-01
9.529730e-01
9.335941e-01
9.727167e-01
9.817213e-01
8.953320e-01
9.722628e-01
9.525653e-01
9.376853e-01
9.012886e-01
8.286571e-01
8.298260e-01
9.338999e-01
8.761033e-01
8.967190e-01
9.433036e-01
9.634939e-01
9.471448e-01
9.074279e-01
8.792467e-01
9.236973e-01
9.430430e-01
8.988149e-01
9.085265e-01
9.643462e-01
9.619457e-01
9.371114e-01
9.295892e-01
8.963615e-01
9.630638e-01
9.493786e-01
9.486875e-01
8.688155e-01
9.553364e-01
9.028835e-01
9.381518e-01
8.980549e-01
9.653182e-01
9.617045e-01
9.066948e-01
9.317755e-01
9.609474e-01
9.671470e-01
7.752392e-01
9.481944e-01
8.731302e-01
9.454687e-01
9.662017e-01
9.589237e-01
9.833927e-01
9.566137e-01
9.275595e-01
9.502822e-01
9.560024e-01
9.300915e-01
9.804812e-01
9.296865e-01
9.163032e-01
9.293377e-01
9.691733e-01
8.322533e-01
9.396116e-01
9.809249e-01
9.437048e-01
9.111909e-01
9.569564e-01
9.263336e-01
9.525087e-01
9.817944e-01
9.617993e-01
9.202274e-01
9.483606e-01
9.409825e-01
9.791818e-01
8.403077e-01
9.208308e-01
9.746516e-01
9.255582e-01
9.421930e-01
9.484469e-01
9.723210e-01
9.767446e-01
9.414867e-01
8.747108e-01
9.479278e-01
9.405945e-01
9.224268e-01
9.416942e-01
9.239261e-01
9.110731e-01
8.745410e-01
9.087135e-01
9.750990e-01
9.807284e-01
9.589159e-01
8.369051e-01
8.926494e-01
9.671517e-01
9.723286e-01
9.243265e-01
9.333455e-01
8.433045e-01
9.464868e-01
9.338734e-01
8.892790e-01
9.612950e-01
9.535938e-01
8.315945e-01
8.478194e-01
9.669438e-01
8.671178e-01
9.636538e-01
9.617352e-01
9.203546e-01
9.557278e-01
8.858536e-01
9.445493e-01
8.939698e-01
9.186831e-01
9.743239e-01
8.975900e-01
9.162198e-01
9.021684e-01
9.278955e-01
9.758317e-01
7.524322e-01
9.593450e-01
9.552444e-01
9.840092e-01
9.581853e-01
9.518515e-01
9.601976e-01
9.578574e-01
9.064572e-01
9.448535e-01
9.213480e-01
9.295147e-01
9.204239e-01
9.566088e-01
8.081890e-01
9.431277e-01
9.801329e-01
9.563060e-01
9.800854e-01
9.279197e-01
9.642318e-01
9.640210e-01
8.786621e-01
9.320091e-01
8.409167e-01
9.666224e-01
9.200273e-01
9.625728e-01
9.497105e-01
8.041243e-01
9.705357e-01
9.918938e-01
8.771437e-01
9.543718e-01
9.754961e-01
9.229320e-01
9.188729e-01
9.728501e-01
9.307878e-01
9.507252e-01
9.785486e-01
9.114243e-01
9.686506e-01
9.687879e-01
8.942159e-01
9.402403e-01
9.507208e-01
9.127010e-01
9.515429e-01
8.786598e-01
9.362101e-01
9.267165e-01
9.719688e-01
8.710804e-01
9.761058e-01
9.484881e-01
9.616668e-01
9.808121e-01
9.159472e-01
9.400326e-01
9.201004e-01
9.686661e-01
8.863570e-01
9.041770e-01
8.357684e-01
9.816548e-01
8.473599e-01
9.536032e-01
9.654954e-01
9.670730e-01
8.787308e-01
9.542231e-01
9.279758e-01
9.721133e-01
9.365320e-01
9.432643e-01
9.284641e-01
9.632934e-01
8.828957e-01
9.301312e-01
7.785378e-01
8.770462e-01
9.602152e-01
9.247170e-01
8.938424e-01
9.307081e-01
9.752696e-01
9.374461e-01
9.680650e-01
9.629224e-01
9.672027e-01
9.334165e-01
8.876200e-01
9.418020e-01
9.310172e-01
8.757837e-01
9.448628e-01
9.298338e-01
9.474006e-01
9.439060e-01
9.085321e-01
9.433871e-01
9.695300e-01
9.710920e-01
8.382895e-01
9.369293e-01
9.655682e-01
9.393534e-01
9.552318e-01
9.247883e-01
9.390654e-01
9.239434e-01
9.150388e-01
8.786018e-01
9.835195e-01
8.905096e-01
9.013398e-01
9.747222e-01
9.809565e-01
8.947111e-01
9.508238e-01
9.567465e-01
9.855482e-01
9.546455e-01
9.746332e-01
9.484038e-01
8.816723e-01
9.447471e-01
9.291794e-01
9.409554e-01
9.663489e-01
9.500729e-01
9.310159e-01
9.391937e-01
9.462751e-01
9.606560e-01
9.703583e-01
9.296372e-01
9.584656e-01
9.712490e-01
8.928940e-01
9.591038e-01
9.238202e-01
9.612202e-01
9.349451e-01
9.341143e-01
8.978820e-01
9.799465e-01
9.065259e-01
9.284463e-01
9.206335e-01
8.615562e-01
9.921586e-01
9.676756e-01
8.275125e-01
9.670261e-01
9.063196e-01
9.537720e-01
9.575286e-01
9.262653e-01
9.626499e-01
8.824782e-01
8.655341e-01
9.672355e-01
9.640302e-01
9.558692e-01
9.409109e-01
9.569159e-01
9.778460e-01
8.618868e-01
9.501610e-01
9.023520e-01
9.332540e-01
9.101344e-01
9.445868e-01
8.672042e-01
8.794470e-01
9.154494e-01
9.179557e-01
9.640967e-01
9.492619e-01
9.660294e-01
9.537532e-01
9.456125e-01
9.354852e-01
9.038954e-01
9.298468e-01
9.388680e-01
9.779667e-01
9.565432e-01
9.346463e-01
9.238400e-01
9.560209e-01
9.397214e-01
9.544824e-01
8.940589e-01
9.020741e-01
9.426048e-01
8.168177e-01
8.952398e-01
9.648995e-01
9.383427e-01
9.566080e-01
8.459677e-01
9.680754e-01
9.193145e-01
9.620873e-01
9.500701e-01
8.200408e-01
7.448663e-01
9.733836e-01
9.429911e-01
9.556951e-01
8.950079e-01
8.885405e-01
9.765507e-01
9.167123e-01
9.340861e-01
8.605081e-01
9.504902e-01
8.917545e-01
9.170669e-01
9.556067e-01
9.158320e-01
9.445514e-01
9.703950e-01
9.478492e-01
9.553624e-01
9.718888e-01
9.477777e-01
9.199891e-01
9.618783e-01
8.720118e-01
8.387090e-01
9.095221e-01
8.840151e-01
9.421094e-01
9.213062e-01
9.819890e-01
9.674012e-01
9.683047e-01
9.344992e-01
9.487222e-01
9.128733e-01
9.472042e-01
9.131749e-01
9.257423e-01
9.548698e-01
8.859943e-01
9.505957e-01
8.924056e-01
9.378846e-01
9.409004e-01
8.537829e-01
9.264776e-01
9.510548e-01
9.715748e-01
9.782178e-01
9.268162e-01
9.467725e-01
9.111462e-01
9.469139e-01
9.809631e-01
9.477645e-01
9.590769e-01
9.684741e-01
9.621700e-01
9.743705e-01
9.447398e-01
9.878274e-01
9.384309e-01
9.877081e-01
9.785327e-01
9.770086e-01
9.053458e-01
9.324981e-01
9.599348e-01
9.465772e-01
9.500618e-01
8.143441e-01
9.037808e-01
9.808160e-01
8.862591e-01
9.739554e-01
9.404429e-01
9.015907e-01
9.368393e-01
9.721899e-01
9.245449e-01
9.451025e-01
8.498589e-01
9.241848e-01
9.661035e-01
9.775346e-01
9.213192e-01
9.328252e-01
9.122883e-01
9.568021e-01
9.786870e-01
9.328367e-01
9.745889e-01
9.583545e-01
8.602579e-01
8.274223e-01
9.325865e-01
9.590808e-01
9.677978e-01
9.273060e-01
9.739633e-01
9.959988e-01
9.001096e-01
9.483778e-01
9.230497e-01
9.576207e-01
9.078187e-01
9.366709e-01
8.461964e-01
9.743986e-01
9.796893e-01
9.727717e-01
9.317973e-01
9.582603e-01
9.619034e-01
8.758738e-01
9.031797e-01
9.367323e-01
9.494471e-01
9.521049e-01
9.303317e-01
9.653078e-01
9.815613e-01
9.487443e-01
9.652390e-01
9.414090e-01
9.664392e-01
8.928310e-01
9.478018e-01
9.721719e-01
9.869746e-01
9.400701e-01
9.402244e-01
9.010989e-01
9.540471e-01
9.208661e-01
9.639433e-01
9.185386e-01
9.684057e-01
9.380937e-01
9.640216e-01
8.642898e-01
9.716794e-01
9.397547e-01
9.670170e-01
9.803513e-01
8.809662e-01
9.355213e-01
9.557596e-01
9.238770e-01
9.509432e-01
9.859657e-01
9.185939e-01
9.397078e-01
9.742308e-01
9.223567e-01
9.860594e-01
9.684747e-01
9.581779e-01
9.484429e-01
9.571338e-01
9.328506e-01
9.225806e-01
9.633032e-01
9.458106e-01
9.666057e-01
9.597233e-01
8.436648e-01
9.627101e-01
8.862648e-01
9.692780e-01
9.677238e-01
9.059568e-01
9.399030e-01
7.963363e-01
9.588288e-01
9.414618e-01
9.424731e-01
8.966501e-01
8.719646e-01
9.115583e-01
9.796337e-01
9.468119e-01
9.802413e-01
8.821048e-01
8.996264e-01
9.427280e-01
8.229392e-01
9.896681e-01
9.225891e-01
8.851741e-01
9.779711e-01
9.426310e-01
9.695549e-01
9.340688e-01
9.237752e-01
9.551584e-01
9.239511e-01
9.543141e-01
9.518823e-01
8.985560e-01
9.387063e-01
9.170410e-01
9.184008e-01
9.736497e-01
8.869937e-01
9.133064e-01
9.513315e-01
9.033765e-01
9.126477e-01
9.224088e-01
9.504520e-01
9.737686e-01
9.128039e-01
8.562965e-01
9.367108e-01
8.981660e-01
9.822370e-01
9.805003e-01
8.894259e-01
9.645188e-01
8.657290e-01
8.056129e-01
9.501812e-01
9.552746e-01
9.349746e-01
9.025233e-01
9.773469e-01
8.569655e-01
9.518108e-01
7.681456e-01
9.647519e-01
9.324725e-01
9.739221e-01
8.286714e-01
9.458632e-01
9.359131e-01
9.817731e-01
9.787982e-01
9.880763e-01
9.348236e-01
9.502747e-01
9.826216e-01
9.554761e-01
9.694625e-01
9.823633e-01
9.496167e-01
9.064427e-01
9.716249e-01
9.357412e-01
9.703549e-01
9.096869e-01
9.221540e-01
9.864192e-01
9.632864e-01
8.382192e-01
9.602278e-01
9.075058e-01
9.664296e-01
9.149880e-01
8.859578e-01
8.381110e-01
9.560518e-01
8.920545e-01
9.123931e-01
8.412037e-01
9.026338e-01
9.446517e-01
9.635747e-01
8.907402e-01
9.158630e-01
9.575756e-01
9.803371e-01
9.373530e-01
9.420510e-01
9.382697e-01
9.107236e-01
9.592830e-01
9.671106e-01
9.020529e-01
9.424203e-01
9.527100e-01
9.524046e-01
9.609675e-01
9.575871e-01
9.728925e-01
9.615029e-01
9.581839e-01
9.132240e-01
8.933226e-01
9.695254e-01
9.105716e-01
9.186484e-01
8.984507e-01
9.717478e-01
9.680960e-01
9.691708e-01
9.465126e-01
9.539806e-01
9.345598e-01
9.378178e-01
9.795769e-01
8.553640e-01
8.551708e-01
9.722199e-01
9.538911e-01
9.797263e-01
9.569025e-01
9.552709e-01
9.711474e-01
9.281015e-01
8.512896e-01
9.122503e-01
8.133014e-01
9.572411e-01
9.186189e-01
9.663120e-01
9.440020e-01
9.382616e-01
9.052970e-01
9.230300e-01
9.191613e-01
9.810259e-01
9.643290e-01
9.305228e-01
9.695874e-01
7.479498e-01
8.794746e-01
9.594949e-01
9.484330e-01
9.614081e-01
8.624699e-01
9.838217e-01
8.417624e-01
9.698228e-01
9.614923e-01
9.873045e-01
9.122713e-01
8.540547e-01
8.917283e-01
9.338362e-01
9.632891e-01
8.173353e-01
9.285546e-01
7.720347e-01
8.987109e-01
8.773207e-01
9.174031e-01
9.599745e-01
9.778177e-01
9.529215e-01
9.169909e-01
9.250267e-01
9.679298e-01
9.603186e-01
9.890405e-01
9.776222e-01
9.521737e-01
8.672011e-01
8.519269e-01
9.730474e-01
9.501387e-01
9.409596e-01
9.798895e-01
9.564075e-01
9.712672e-01
8.662715e-01
8.468874e-01
9.262906e-01
8.660920e-01
9.290851e-01
9.836118e-01
9.335213e-01
9.835474e-01
9.184166e-01
9.652603e-01
9.342196e-01
9.852252e-01
8.460220e-01
9.366264e-01
9.614229e-01
9.798381e-01
9.585445e-01
9.460445e-01
9.293707e-01
9.768060e-01
9.385158e-01
7.851252e-01
8.241456e-01
9.491687e-01
9.338386e-01
8.778045e-01
9.121409e-01
9.447288e-01
9.200559e-01
9.487037e-01
9.721278e-01
9.521037e-01
9.065204e-01
8.862252e-01
9.049836e-01
9.593707e-01
9.805276e-01
8.166075e-01
9.521277e-01
9.389930e-01
8.560848e-01
9.373857e-01
9.432702e-01
9.383433e-01
9.635872e-01
9.672775e-01
9.123070e-01
8.715592e-01
9.813830e-01
9.805395e-01
9.801415e-01
9.580114e-01
9.357585e-01
9.178727e-01
9.559915e-01
9.672774e-01
9.449389e-01
8.806862e-01
9.681948e-01
9.396824e-01
8.621445e-01
9.682245e-01
9.549858e-01
8.826390e-01
8.614161e-01
9.014793e-01
9.643951e-01
9.206663e-01
9.523895e-01
9.613283e-01
9.315024e-01
9.544492e-01
9.518278e-01
9.844427e-01
9.407979e-01
8.746677e-01
8.692133e-01
9.497076e-01
9.411688e-01
6.776175e-01
9.255822e-01
8.664447e-01
8.986232e-01
9.325585e-01
8.768702e-01
8.656540e-01
9.343143e-01
9.458167e-01
9.883534e-01
9.823437e-01
9.604375e-01
9.505349e-01
9.750036e-01
9.358719e-01
9.564997e-01
9.391845e-01
9.143387e-01
8.780369e-01
9.593868e-01
9.544571e-01
9.583635e-01
7.245103e-01
9.859311e-01
9.496533e-01
9.776187e-01
9.637421e-01
9.631907e-01
9.240278e-01
9.051601e-01
9.424042e-01
9.432868e-01
9.703784e-01
9.550501e-01
9.131355e-01
9.373181e-01
9.527132e-01
9.740917e-01
9.575592e-01
9.363954e-01
9.736870e-01
9.014119e-01
9.752745e-01
8.936983e-01
9.743852e-01
9.338321e-01
9.467560e-01
8.391251e-01
9.928990e-01
9.480581e-01
8.548038e-01
9.004675e-01
9.120014e-01
9.218178e-01
9.520594e-01
8.752590e-01
9.177581e-01
9.067231e-01
9.659330e-01
9.096784e-01
9.601475e-01
9.172966e-01
8.815911e-01
9.196934e-01
9.223540e-01
9.536823e-01
9.235807e-01
8.957121e-01
9.704971e-01
9.122007e-01
9.772222e-01
9.724505e-01
9.003106e-01
8.447210e-01
9.248420e-01
8.927969e-01
8.626731e-01
9.089628e-01
9.436149e-01
9.294222e-01
9.828400e-01
9.500587e-01
9.555645e-01
9.320796e-01
9.328573e-01
9.424669e-01
9.667342e-01
8.735407e-01
8.098264e-01
9.707716e-01
8.480463e-01
9.682912e-01
9.347504e-01
8.818338e-01
9.490647e-01
9.351042e-01
9.723333e-01
7.405897e-01
9.728656e-01
9.916972e-01
9.917072e-01
9.592260e-01
9.467924e-01
9.136868e-01
9.641539e-01
9.832173e-01
9.115408e-01
9.478213e-01
8.684777e-01
9.282067e-01
9.483488e-01
9.385389e-01
9.595431e-01
8.823034e-01
9.337849e-01
9.550037e-01
9.345141e-01
9.359586e-01
8.663737e-01
9.715328e-01
9.535319e-01
9.599201e-01
9.549987e-01
9.394028e-01
9.571270e-01
9.726409e-01
7.701869e-01
9.801422e-01
9.376721e-01
8.843778e-01
9.148763e-01
8.714249e-01
8.000831e-01
9.241279e-01
9.056457e-01
9.758096e-01
8.151212e-01
9.616096e-01
9.619556e-01
9.786650e-01
9.606685e-01
9.012997e-01
9.427237e-01
9.242368e-01
9.082781e-01
9.032078e-01
9.713301e-01
9.513243e-01
9.560229e-01
9.386670e-01
9.738866e-01
9.357019e-01
9.670267e-01
9.118803e-01
9.442957e-01
9.410206e-01
9.653957e-01
9.740964e-01
9.202654e-01
9.558895e-01
7.817603e-01
9.341424e-01
9.737416e-01
9.004378e-01
8.975379e-01
8.930570e-01
9.347469e-01
8.881052e-01
9.018055e-01
9.618457e-01
9.537888e-01
9.101546e-01
9.572526e-01
9.380760e-01
9.565164e-01
9.519649e-01
9.537636e-01
9.514471e-01
9.196785e-01
9.221816e-01
9.416163e-01
9.464155e-01
9.558463e-01
9.577210e-01
9.384270e-01
8.773285e-01
9.311228e-01
9.402612e-01
8.921182e-01
9.771218e-01
8.187240e-01
9.736492e-01
8.189390e-01
9.477557e-01
9.234388e-01
9.473799e-01
9.688883e-01
9.563465e-01
8.644693e-01
9.608939e-01
9.125827e-01
9.805474e-01
8.888300e-01
9.160848e-01
9.717457e-01
8.943699e-01
9.353610e-01
9.257160e-01
9.570368e-01
9.650940e-01
9.363607e-01
8.993701e-01
9.722426e-01
9.309066e-01
9.475751e-01
9.492071e-01
9.603443e-01
9.654026e-01
8.711474e-01
8.278665e-01
9.217256e-01
9.486078e-01
8.514520e-01
9.010153e-01
9.720497e-01
9.516674e-01
6.774742e-01
8.469608e-01
9.377864e-01
8.603923e-01
9.614369e-01
9.622280e-01
9.212052e-01
9.715213e-01
8.722132e-01
9.143257e-01
9.428641e-01
8.194239e-01
9.704412e-01
9.255104e-01
9.477189e-01
9.701585e-01
9.547114e-01
9.291394e-01
9.515684e-01
9.734580e-01
8.969449e-01
9.531309e-01
9.670012e-01
9.399048e-01
9.451810e-01
9.388440e-01
8.945917e-01
8.872528e-01
9.404629e-01
9.209997e-01
9.360785e-01
9.711082e-01
9.644137e-01
9.703983e-01
9.486782e-01
9.618655e-01
9.618369e-01
9.775568e-01
9.511685e-01
9.148719e-01
7.481803e-01
9.335881e-01
9.672024e-01
8.706238e-01
9.660304e-01
9.911447e-01
9.148060e-01
9.085912e-01
8.523514e-01
9.287078e-01
9.753488e-01
9.490635e-01
7.805208e-01
9.277628e-01
9.419794e-01
9.371479e-01
9.664254e-01
9.475381e-01
9.693586e-01
8.399814e-01
9.230220e-01
9.605342e-01
9.690163e-01
9.122540e-01
8.984568e-01
9.756108e-01
9.238853e-01
9.423496e-01
9.468646e-01
9.007704e-01
9.633823e-01
7.072980e-01
9.484211e-01
8.511060e-01
9.434558e-01
9.802907e-01
9.127921e-01
9.407501e-01
9.324766e-01
9.492092e-01
9.427578e-01
9.209821e-01
9.710566e-01
9.515767e-01
9.332973e-01
9.458082e-01
9.651995e-01
9.820233e-01
9.540836e-01
9.261350e-01
8.913975e-01
9.227254e-01
7.616797e-01
9.110176e-01
8.469515e-01
9.006225e-01
9.755661e-01
7.902080e-01
9.731014e-01
9.050543e-01
7.085919e-01
9.574050e-01
9.528087e-01
9.612555e-01
9.585970e-01
9.416395e-01
9.520163e-01
8.960292e-01
9.751012e-01
9.820397e-01
9.423281e-01
9.758957e-01
7.953983e-01
9.524106e-01
9.334046e-01
9.861397e-01
9.064393e-01
9.183695e-01
9.089547e-01
8.929115e-01
9.754561e-01
9.518505e-01
9.270328e-01
9.674291e-01
9.210482e-01
9.754271e-01
9.481053e-01
9.730319e-01
8.712771e-01
9.728840e-01
9.611404e-01
9.174395e-01
9.661280e-01
9.492710e-01
9.884177e-01
9.372776e-01
9.770262e-01
9.773890e-01
9.453108e-01
9.317503e-01
9.653795e-01
8.984284e-01
8.651547e-01
9.535484e-01
9.395615e-01
8.606931e-01
9.399138e-01
9.425021e-01
9.494844e-01
8.341274e-01
9.836902e-01
8.875194e-01
9.689709e-01
9.439280e-01
9.576746e-01
9.052304e-01
9.445424e-01
9.345446e-01
9.271121e-01
9.507686e-01
9.312605e-01
9.364848e-01
9.747141e-01
9.353113e-01
9.652251e-01
9.362067e-01
8.919493e-01
9.075494e-01
9.584458e-01
9.957203e-01
9.417560e-01
8.917235e-01
9.334264e-01
9.531796e-01
9.275908e-01
8.974157e-01
9.635730e-01
9.838724e-01
9.234781e-01
9.574854e-01
9.334076e-01
8.506182e-01
9.516840e-01
8.755559e-01
9.344762e-01
9.417308e-01
9.245199e-01
9.739185e-01
9.634672e-01
9.680379e-01
9.010716e-01
8.660093e-01
9.557198e-01
9.013529e-01
9.509650e-01
8.926253e-01
8.878362e-01
9.465546e-01
9.542609e-01
9.058115e-01
9.752500e-01
8.981898e-01
9.826072e-01
8.724123e-01
9.725989e-01
8.835338e-01
8.318983e-01
9.394219e-01
9.534790e-01
9.630680e-01
9.728824e-01
9.290859e-01
9.242433e-01
9.739433e-01
9.517500e-01
9.744016e-01
9.260210e-01
9.278179e-01
8.768093e-01
9.215326e-01
9.742230e-01
9.078785e-01
9.516718e-01
9.309004e-01
9.405572e-01
8.908807e-01
8.720683e-01
9.481895e-01
8.763745e-01
9.674249e-01
9.441534e-01
9.345069e-01
8.923403e-01
9.002885e-01
8.285688e-01
9.788279e-01
9.401438e-01
9.738949e-01
9.492001e-01
9.272716e-01
9.208354e-01
9.298377e-01
9.436713e-01
9.452378e-01
9.016726e-01
9.213991e-01
9.025575e-01
9.227251e-01
9.384220e-01
8.942898e-01
9.413478e-01
9.614585e-01
9.847674e-01
9.038091e-01
9.672612e-01
9.510427e-01
9.642231e-01
9.567277e-01
9.364432e-01
9.220438e-01
9.749221e-01
8.991643e-01
9.152766e-01
9.332817e-01
9.378493e-01
9.279876e-01
9.658232e-01
9.714682e-01
9.173114e-01
9.011747e-01
9.538264e-01
8.478466e-01
9.366538e-01
9.218345e-01
9.383909e-01
9.855831e-01
9.705399e-01
9.455424e-01
9.252507e-01
9.586154e-01
8.110281e-01
8.408695e-01
9.466285e-01
9.789722e-01
8.613514e-01
9.608838e-01
8.450858e-01
9.735199e-01
8.631184e-01
9.234150e-01
9.584386e-01
9.028906e-01
9.048122e-01
9.231529e-01
8.781508e-01
8.473463e-01
9.457520e-01
9.215055e-01
9.603198e-01
9.071299e-01
9.027251e-01
9.274522e-01
9.570149e-01
9.486539e-01
9.696795e-01
8.904578e-01
9.672444e-01
8.685285e-01
9.580227e-01
9.844628e-01
9.559505e-01
9.341447e-01
9.442074e-01
9.813931e-01
9.524775e-01
9.388122e-01
9.671868e-01
9.182381e-01
9.501968e-01
8.987765e-01
9.726286e-01
9.733630e-01
9.225708e-01
9.243234e-01
9.583140e-01
9.729180e-01
8.491136e-01
9.428650e-01
9.309806e-01
7.290565e-01
9.601429e-01
8.794175e-01
6.139844e-01
9.181193e-01
8.817605e-01
9.207916e-01
9.750473e-01
9.682830e-01
8.878932e-01
9.347081e-01
9.674104e-01
8.447118e-01
8.457923e-01
9.448183e-01
8.835590e-01
9.560987e-01
9.759709e-01
8.803390e-01
9.677517e-01
9.095080e-01
9.477695e-01
9.531206e-01
9.335601e-01
9.126121e-01
9.493651e-01
9.842023e-01
9.315755e-01
8.961633e-01
9.707681e-01
9.719518e-01
9.883543e-01
9.589454e-01
9.349840e-01
9.443870e-01
9.228837e-01
8.772141e-01
9.202097e-01
9.646506e-01
9.358172e-01
9.103122e-01
8.757569e-01
9.699857e-01
9.165243e-01
9.745044e-01
9.463280e-01
9.582019e-01
9.241873e-01
9.129060e-01
9.480455e-01
9.603477e-01
8.555001e-01
9.299466e-01
9.332869e-01
9.354906e-01
9.343900e-01
8.993632e-01
9.617507e-01
9.564639e-01
9.385411e-01
9.378856e-01
8.707504e-01
7.998765e-01
8.380932e-01
8.799722e-01
9.420991e-01
9.844628e-01
9.273132e-01
9.229559e-01
9.411734e-01
9.348650e-01
9.486926e-01
9.163970e-01
8.948465e-01
9.627328e-01
9.103015e-01
8.401313e-01
9.154646e-01
9.775223e-01
9.327293e-01
9.656017e-01
9.601864e-01
9.455001e-01
9.514374e-01
9.109026e-01
9.434149e-01
9.791029e-01
9.554072e-01
9.488326e-01
9.520776e-01
7.084378e-01
9.702510e-01
9.334884e-01
9.255452e-01
9.818659e-01
9.795873e-01
9.191162e-01
9.695750e-01
9.890269e-01
9.394572e-01
9.739118e-01
8.616880e-01
9.231995e-01
8.981024e-01
9.386989e-01
7.951524e-01
9.457639e-01
9.119533e-01
8.243288e-01
8.849695e-01
9.258699e-01
8.439868e-01
8.982694e-01
9.608596e-01
8.217098e-01
9.833983e-01
9.639389e-01
9.086318e-01
9.575328e-01
9.614389e-01
8.936789e-01
9.911505e-01
9.384544e-01
9.055784e-01
9.561854e-01
9.770155e-01
9.596188e-01
9.421624e-01
9.731387e-01
9.630196e-01
9.190662e-01
9.755298e-01
9.534887e-01
9.205169e-01
9.206816e-01
8.588972e-01
9.661716e-01
9.445588e-01
9.785137e-01
9.730587e-01
8.938142e-01
9.543474e-01
9.108102e-01
9.763986e-01
9.551575e-01
9.130204e-01
9.688685e-01
9.484048e-01
9.370956e-01
8.958991e-01
9.473857e-01
9.682253e-01
8.324478e-01
9.221940e-01
9.315951e-01
8.854013e-01
8.759093e-01
9.408279e-01
9.308042e-01
8.714864e-01
8.813692e-01
8.748232e-01
9.602993e-01
9.069275e-01
9.308489e-01
9.584553e-01
9.036746e-01
9.595544e-01
9.366789e-01
9.780837e-01
9.582758e-01
8.933803e-01
9.393453e-01
8.376081e-01
9.625461e-01
9.368055e-01
9.568550e-01
9.503333e-01
9.805331e-01
9.638550e-01
9.620163e-01
9.317381e-01
8.930908e-01
9.341040e-01
9.492065e-01
9.621358e-01
9.370949e-01
8.739891e-01
9.480446e-01
9.496517e-01
8.615318e-01
9.511862e-01
9.622357e-01
9.551118e-01
9.234786e-01
9.629211e-01
9.517219e-01
9.532198e-01
8.080407e-01
9.574251e-01
9.364623e-01
8.922332e-01
8.299321e-01
9.187215e-01
9.017085e-01
9.115843e-01
9.411735e-01
9.068283e-01
9.094421e-01
8.570155e-01
9.591931e-01
9.098840e-01
9.479379e-01
9.683914e-01
9.094423e-01
9.551330e-01
8.655670e-01
8.151927e-01
9.380374e-01
9.660920e-01
9.257321e-01
9.681119e-01
8.859383e-01
9.188811e-01
9.236020e-01
9.439633e-01
9.164390e-01
9.530551e-01
9.249745e-01
9.093608e-01
9.299136e-01
9.521590e-01
9.694865e-01
9.682266e-01
9.629488e-01
8.912333e-01
8.898844e-01
8.831428e-01
9.897690e-01
9.415493e-01
9.601511e-01
9.808288e-01
9.316027e-01
9.239190e-01
9.640246e-01
9.125570e-01
9.400039e-01
9.212377e-01
9.606588e-01
9.720337e-01
9.765129e-01
9.016087e-01
9.740334e-01
9.787219e-01
9.763020e-01
9.598045e-01
9.587806e-01
9.244211e-01
9.513702e-01
9.952333e-01
9.648094e-01
9.341329e-01
8.826258e-01
8.616026e-01
9.933939e-01
8.430307e-01
9.456747e-01
9.309704e-01
9.547523e-01
8.591187e-01
9.338470e-01
9.656857e-01
8.978845e-01
9.286954e-01
7.871082e-01
9.831688e-01
8.906632e-01
8.559323e-01
9.574116e-01
9.228848e-01
8.218843e-01
9.226899e-01
9.403217e-01
9.673019e-01
9.700301e-01
9.662917e-01
9.628933e-01
9.187861e-01
9.522315e-01
9.696165e-01
9.716602e-01
9.698025e-01
9.327332e-01
9.531379e-01
8.976205e-01
8.881763e-01
9.581542e-01
9.456839e-01
9.733933e-01
9.209135e-01
9.596480e-01
8.895169e-01
9.839448e-01
8.540708e-01
9.412333e-01
9.655290e-01
9.704076e-01
9.774801e-01
9.772894e-01
9.155479e-01
8.917504e-01
9.545340e-01
8.897737e-01
9.648822e-01
9.341248e-01
9.059607e-01
9.499187e-01
9.347724e-01
9.639729e-01
9.340104e-01
9.280528e-01
9.289415e-01
8.439599e-01
8.020858e-01
9.237141e-01
8.189545e-01
9.077311e-01
9.848717e-01
9.303709e-01
9.811725e-01
9.475639e-01
9.781889e-01
9.098168e-01
9.293458e-01
9.580107e-01
9.377748e-01
9.681374e-01
9.207824e-01
9.683350e-01
9.055327e-01
9.827782e-01
9.333256e-01
9.398697e-01
9.772537e-01
9.360569e-01
9.717776e-01
8.349947e-01
9.928148e-01
9.793411e-01
9.547073e-01
9.754073e-01
7.692833e-01
9.690966e-01
8.823370e-01
9.016824e-01
9.351276e-01
9.640415e-01
9.277410e-01
9.554724e-01
9.727884e-01
8.667737e-01
9.450470e-01
9.659055e-01
8.909356e-01
9.681049e-01
9.371457e-01
9.852671e-01
9.795739e-01
9.549383e-01
9.350057e-01
9.062048e-01
9.405630e-01
9.450273e-01
8.037668e-01
9.422868e-01
9.719339e-01
9.581419e-01
7.113952e-01
9.477747e-01
9.597600e-01
9.623017e-01
8.923651e-01
9.908835e-01
9.285139e-01
9.769748e-01
9.280565e-01
9.613318e-01
9.360370e-01
8.927323e-01
9.883085e-01
9.671709e-01
9.615305e-01
9.580264e-01
9.343365e-01
9.754621e-01
8.526874e-01
9.695672e-01
9.804813e-01
9.465027e-01
9.155934e-01
9.295682e-01
9.705176e-01
9.674612e-01
8.154733e-01
9.854327e-01
7.622766e-01
9.748652e-01
9.813029e-01
8.759085e-01
9.670065e-01
9.116435e-01
9.493430e-01
9.768188e-01
9.064262e-01
9.634303e-01
9.431920e-01
9.763714e-01
9.413910e-01
8.694327e-01
8.440360e-01
9.779411e-01
9.891819e-01
9.418137e-01
9.081377e-01
9.556631e-01
9.646458e-01
9.703607e-01
9.773759e-01
9.441178e-01
9.592364e-01
9.861259e-01
9.333749e-01
9.554439e-01
9.388790e-01
9.032843e-01
9.379616e-01
8.975047e-01
9.345755e-01
8.999752e-01
9.631530e-01
9.565304e-01
9.707573e-01
8.575506e-01
9.553029e-01
8.686178e-01
9.849699e-01
8.982235e-01
9.574982e-01
8.513767e-01
9.256412e-01
9.554742e-01
9.117048e-01
9.769415e-01
9.707801e-01
9.147618e-01
9.570818e-01
9.512794e-01
9.098585e-01
9.711775e-01
9.187578e-01
9.345847e-01
8.907761e-01
9.730906e-01
9.535719e-01
8.870424e-01
9.097016e-01
9.672100e-01
8.858427e-01
9.391822e-01
8.563575e-01
9.141865e-01
9.610688e-01
8.453495e-01
9.426259e-01
9.552058e-01
9.510185e-01
9.007642e-01
9.633345e-01
