9.287615e-01
9.071857e-01
9.483038e-01
9.567012e-01
9.330849e-01
9.611349e-01
9.538442e-01
9.777751e-01
9.686642e-01
9.726604e-01
9.665765e-01
9.863024e-01
9.339901e-01
9.668800e-01
9.268556e-01
9.597044e-01
9.531244e-01
9.570001e-01
9.751740e-01
9.479912e-01
9.368723e-01
9.061803e-01
9.366245e-01
9.583142e-01
9.725464e-01
9.495604e-01
9.572579e-01
9.463569e-01
9.792238e-01
9.281119e-01
9.278839e-01
9.624913e-01
9.245339e-01
9.397149e-01
9.713123e-01
9.610014e-01
9.501604e-01
9.752015e-01
9.833563e-01
9.782503e-01
9.864123e-01
9.636673e-01
9.596381e-01
8.894838e-01
9.725862e-01
9.824468e-01
9.645034e-01
9.486818e-01
9.717954e-01
9.433263e-01
9.463339e-01
9.712880e-01
9.877969e-01
9.621437e-01
9.841924e-01
9.887160e-01
9.569886e-01
9.640297e-01
9.755635e-01
9.102085e-01
9.743299e-01
9.681474e-01
9.384317e-01
9.680438e-01
9.445972e-01
9.693408e-01
9.779290e-01
9.877024e-01
9.015936e-01
9.803307e-01
9.746887e-01
9.740334e-01
9.516743e-01
8.664136e-01
9.459976e-01
9.655414e-01
9.603394e-01
9.732754e-01
9.377118e-01
9.754757e-01
9.409445e-01
9.384538e-01
9.747495e-01
8.718452e-01
9.031314e-01
9.728237e-01
9.692931e-01
9.232680e-01
9.829932e-01
8.778368e-01
9.400229e-01
9.826962e-01
9.467154e-01
9.464582e-01
9.314519e-01
9.663466e-01
9.514506e-01
9.333728e-01
9.643102e-01
9.530163e-01
9.763747e-01
9.783360e-01
9.902375e-01
9.549358e-01
9.591909e-01
9.832358e-01
9.486142e-01
9.419034e-01
9.553380e-01
9.582653e-01
9.558616e-01
9.528955e-01
9.608273e-01
9.726887e-01
9.032755e-01
9.750903e-01
9.649431e-01
9.625737e-01
9.716118e-01
9.621842e-01
9.573765e-01
9.226680e-01
9.888860e-01
9.536751e-01
9.692632e-01
9.801597e-01
9.559879e-01
9.480927e-01
9.202678e-01
9.205276e-01
9.600716e-01
9.904938e-01
9.474893e-01
9.601167e-01
9.128285e-01
9.804521e-01
9.747582e-01
9.487081e-01
9.383488e-01
9.524130e-01
9.598867e-01
9.698672e-01
9.626788e-01
9.660109e-01
9.236020e-01
9.841476e-01
9.729395e-01
9.436944e-01
9.806910e-01
9.829398e-01
9.788251e-01
8.993176e-01
9.634037e-01
9.616226e-01
9.397490e-01
9.293575e-01
9.794752e-01
9.816954e-01
9.486508e-01
9.848933e-01
9.751911e-01
9.827754e-01
9.605636e-01
9.645269e-01
9.397063e-01
9.666888e-01
9.695939e-01
9.685397e-01
9.768523e-01
8.321217e-01
9.742722e-01
9.803382e-01
9.373485e-01
9.740077e-01
9.535083e-01
9.683426e-01
9.645037e-01
9.836309e-01
9.510829e-01
9.596241e-01
9.666012e-01
9.761077e-01
9.399273e-01
9.669088e-01
9.830261e-01
9.151496e-01
9.903635e-01
9.705782e-01
9.475471e-01
9.919862e-01
9.795898e-01
9.855217e-01
9.808507e-01
9.164467e-01
9.636830e-01
9.795720e-01
9.413709e-01
9.498808e-01
9.471303e-01
9.676866e-01
9.204139e-01
9.423071e-01
9.620139e-01
9.473449e-01
9.815927e-01
9.331749e-01
9.625861e-01
9.783546e-01
9.381584e-01
9.583458e-01
9.397932e-01
9.649610e-01
9.587798e-01
9.695177e-01
8.841675e-01
9.692889e-01
9.608054e-01
9.647586e-01
9.682045e-01
9.620804e-01
9.592637e-01
9.739925e-01
9.611489e-01
9.766161e-01
9.607491e-01
9.067164e-01
9.324770e-01
9.524118e-01
9.777203e-01
9.220932e-01
9.751469e-01
9.572063e-01
9.257805e-01
9.671395e-01
9.813225e-01
9.431269e-01
9.672317e-01
9.671728e-01
9.709499e-01
9.878811e-01
9.564227e-01
9.674361e-01
9.219684e-01
9.693309e-01
9.729768e-01
9.149268e-01
9.338477e-01
9.460082e-01
9.481374e-01
9.787344e-01
9.104791e-01
9.423256e-01
9.449903e-01
9.576753e-01
9.739973e-01
9.539145e-01
9.601960e-01
9.732263e-01
9.752262e-01
9.170399e-01
9.438873e-01
9.584445e-01
9.534121e-01
9.789614e-01
9.795115e-01
9.379590e-01
9.258481e-01
9.103621e-01
9.707542e-01
9.768924e-01
9.522440e-01
9.152299e-01
9.728604e-01
9.594159e-01
9.518670e-01
9.600503e-01
9.721088e-01
9.703584e-01
9.710377e-01
9.649218e-01
9.606135e-01
9.585387e-01
9.171290e-01
9.813446e-01
9.497064e-01
9.686083e-01
9.578003e-01
9.722403e-01
9.805975e-01
9.867231e-01
9.596303e-01
9.437479e-01
9.514218e-01
9.797932e-01
9.411282e-01
8.929698e-01
9.617394e-01
9.684648e-01
9.904762e-01
9.402725e-01
9.672969e-01
9.140666e-01
9.523696e-01
9.605217e-01
9.538118e-01
9.751287e-01
9.647195e-01
9.890449e-01
9.670028e-01
9.515246e-01
9.545849e-01
9.833036e-01
9.452609e-01
9.569099e-01
9.572597e-01
9.740079e-01
9.658107e-01
9.301649e-01
9.660560e-01
9.414175e-01
9.401234e-01
9.182532e-01
9.585847e-01
9.612520e-01
9.778105e-01
9.781331e-01
9.719686e-01
9.168215e-01
9.890515e-01
9.362137e-01
9.659841e-01
9.792811e-01
9.811429e-01
9.481908e-01
9.500648e-01
9.823419e-01
9.271276e-01
9.581141e-01
9.724677e-01
9.191794e-01
9.358751e-01
9.795589e-01
9.005467e-01
9.878297e-01
9.536487e-01
9.090054e-01
9.619953e-01
9.782725e-01
9.669532e-01
9.569400e-01
9.368546e-01
9.501098e-01
9.082245e-01
9.695583e-01
9.792704e-01
9.714172e-01
9.546312e-01
9.391272e-01
9.563153e-01
9.801673e-01
8.686029e-01
9.667319e-01
9.749338e-01
9.388421e-01
9.571093e-01
9.649767e-01
9.704394e-01
9.812861e-01
9.565115e-01
9.664137e-01
9.637624e-01
9.378741e-01
9.802158e-01
9.895177e-01
9.431318e-01
8.928283e-01
9.461058e-01
9.473496e-01
9.447531e-01
9.813508e-01
9.634168e-01
9.621386e-01
9.434838e-01
9.545112e-01
9.656265e-01
9.628020e-01
9.797575e-01
9.478387e-01
9.506439e-01
9.917085e-01
9.860737e-01
8.358995e-01
9.468534e-01
9.524214e-01
9.556182e-01
9.433941e-01
9.660977e-01
9.797103e-01
9.455452e-01
9.825406e-01
9.075576e-01
9.745652e-01
9.631232e-01
9.880449e-01
9.677390e-01
9.702326e-01
9.381131e-01
9.716816e-01
9.726911e-01
9.638210e-01
9.614880e-01
9.431461e-01
9.791250e-01
9.569967e-01
9.677972e-01
9.782110e-01
9.323216e-01
9.395048e-01
9.151362e-01
9.335281e-01
9.530510e-01
9.434049e-01
9.645345e-01
9.311453e-01
9.561127e-01
9.105957e-01
9.823382e-01
9.113437e-01
9.131710e-01
9.643941e-01
9.563706e-01
9.865065e-01
9.741719e-01
9.608382e-01
9.690215e-01
9.581352e-01
9.615091e-01
9.677165e-01
9.508990e-01
9.412663e-01
9.611960e-01
9.611245e-01
9.445722e-01
9.317769e-01
9.468230e-01
9.500351e-01
9.572060e-01
9.781395e-01
9.716036e-01
9.334170e-01
9.107288e-01
9.654515e-01
9.604159e-01
9.824066e-01
9.746119e-01
9.630763e-01
8.815358e-01
9.928038e-01
9.556518e-01
9.389315e-01
9.752364e-01
9.809559e-01
9.569943e-01
9.578861e-01
9.877741e-01
9.662350e-01
9.644816e-01
9.419868e-01
9.845729e-01
9.931419e-01
9.490192e-01
9.677874e-01
9.812787e-01
9.522203e-01
9.864961e-01
9.785660e-01
9.024470e-01
9.575433e-01
9.300345e-01
8.847758e-01
9.836112e-01
9.197905e-01
9.084606e-01
9.632977e-01
9.521662e-01
9.070574e-01
9.772059e-01
9.026001e-01
9.152715e-01
9.066123e-01
9.668577e-01
9.312801e-01
9.352251e-01
9.838441e-01
9.328563e-01
9.603421e-01
9.323769e-01
9.609990e-01
9.579871e-01
9.576688e-01
9.801474e-01
9.771089e-01
9.822824e-01
9.505473e-01
9.699014e-01
9.414104e-01
9.807653e-01
9.726352e-01
9.843191e-01
8.465569e-01
9.783139e-01
9.677064e-01
9.690266e-01
9.133682e-01
9.715541e-01
9.625134e-01
9.064359e-01
9.650691e-01
9.184357e-01
9.596340e-01
9.594016e-01
9.840126e-01
9.738877e-01
9.587061e-01
9.845863e-01
9.779412e-01
9.447926e-01
9.480633e-01
9.789821e-01
9.614021e-01
9.126770e-01
9.625197e-01
9.741682e-01
9.737016e-01
9.451935e-01
9.773610e-01
9.661430e-01
9.749803e-01
9.738817e-01
9.342599e-01
8.837746e-01
9.538377e-01
9.686807e-01
9.661561e-01
9.414960e-01
9.454756e-01
9.534004e-01
9.217427e-01
9.566902e-01
9.670009e-01
9.581491e-01
9.335419e-01
9.647373e-01
9.674845e-01
9.542532e-01
9.466067e-01
9.689903e-01
9.688263e-01
9.461231e-01
9.354566e-01
9.528138e-01
9.790970e-01
9.694547e-01
9.855754e-01
9.773453e-01
9.733013e-01
9.032448e-01
9.636709e-01
9.746425e-01
9.920279e-01
9.340261e-01
9.834461e-01
9.787521e-01
9.477394e-01
9.598274e-01
9.404535e-01
9.381093e-01
9.377016e-01
9.417782e-01
9.769219e-01
9.753893e-01
9.313280e-01
9.559228e-01
9.557751e-01
9.834232e-01
9.741371e-01
9.005626e-01
9.775461e-01
9.517950e-01
9.719700e-01
9.495508e-01
9.415828e-01
9.816140e-01
9.819186e-01
9.892537e-01
9.609838e-01
9.833970e-01
9.841640e-01
9.747838e-01
9.690066e-01
9.775796e-01
9.760183e-01
9.690931e-01
9.514330e-01
9.645357e-01
9.591839e-01
9.682566e-01
9.261710e-01
9.783997e-01
9.584336e-01
9.538169e-01
9.682314e-01
9.453912e-01
9.519419e-01
9.347299e-01
9.461164e-01
9.454873e-01
9.837138e-01
9.254133e-01
9.853805e-01
9.615097e-01
9.380849e-01
9.756452e-01
8.897647e-01
9.763401e-01
9.783326e-01
9.651891e-01
9.451977e-01
9.336400e-01
9.614950e-01
9.682793e-01
9.828327e-01
9.632338e-01
9.672433e-01
9.561017e-01
9.845383e-01
9.833791e-01
9.708541e-01
9.508960e-01
9.793478e-01
8.773499e-01
8.829498e-01
9.497367e-01
9.291818e-01
9.243045e-01
9.786994e-01
9.700994e-01
9.144228e-01
9.628863e-01
9.555909e-01
9.353759e-01
9.673383e-01
9.671567e-01
8.971232e-01
9.642197e-01
9.852844e-01
9.355282e-01
9.575587e-01
9.858479e-01
9.785114e-01
9.226923e-01
8.864129e-01
9.658715e-01
9.618093e-01
9.493680e-01
9.147103e-01
9.758935e-01
9.826926e-01
9.601749e-01
9.484751e-01
9.673353e-01
9.900477e-01
8.920835e-01
9.564145e-01
9.684271e-01
9.354706e-01
9.146065e-01
9.779779e-01
9.366650e-01
9.074669e-01
9.617298e-01
9.707864e-01
9.495585e-01
9.310839e-01
9.782641e-01
9.518779e-01
9.577860e-01
9.465577e-01
9.737606e-01
9.045430e-01
9.393467e-01
8.601651e-01
9.687451e-01
9.305386e-01
9.803178e-01
9.274849e-01
8.631473e-01
9.182779e-01
9.637094e-01
9.574025e-01
9.500955e-01
9.745573e-01
9.591535e-01
9.567829e-01
8.438022e-01
9.840135e-01
9.566573e-01
9.435237e-01
9.762214e-01
9.303563e-01
9.361118e-01
9.313418e-01
9.664772e-01
9.683628e-01
9.697941e-01
9.736691e-01
9.813571e-01
9.344540e-01
8.970378e-01
9.294951e-01
8.808287e-01
9.835190e-01
9.712015e-01
9.415621e-01
9.825838e-01
9.912306e-01
9.590185e-01
9.744030e-01
9.667267e-01
9.525010e-01
9.583935e-01
9.679137e-01
9.241961e-01
9.296387e-01
9.785293e-01
9.541054e-01
9.805176e-01
9.534009e-01
9.307298e-01
9.783186e-01
9.743852e-01
9.109990e-01
9.848222e-01
9.556940e-01
9.585135e-01
9.816461e-01
9.857469e-01
9.393869e-01
9.512971e-01
9.733216e-01
9.560468e-01
9.665187e-01
9.636602e-01
9.669460e-01
9.672847e-01
9.008692e-01
9.767008e-01
9.878799e-01
9.476385e-01
9.615591e-01
9.693851e-01
9.629545e-01
9.264026e-01
9.475728e-01
9.643922e-01
9.654546e-01
9.759343e-01
9.629466e-01
9.818036e-01
9.796717e-01
9.843659e-01
9.645004e-01
9.842273e-01
9.796451e-01
9.084415e-01
9.344924e-01
9.720347e-01
9.711805e-01
9.383473e-01
9.384345e-01
9.613971e-01
9.886897e-01
9.436245e-01
9.777134e-01
9.753966e-01
9.395640e-01
9.712995e-01
9.309976e-01
9.466095e-01
9.707061e-01
9.055709e-01
9.300515e-01
9.799235e-01
9.659272e-01
8.975121e-01
8.965763e-01
9.468686e-01
8.772018e-01
9.312994e-01
9.172218e-01
9.623185e-01
9.601302e-01
9.855832e-01
9.076020e-01
9.611305e-01
9.662572e-01
9.654222e-01
9.768394e-01
9.455720e-01
9.710698e-01
9.266712e-01
8.656114e-01
9.470007e-01
9.384200e-01
9.668097e-01
9.564042e-01
9.394987e-01
9.468431e-01
8.832767e-01
9.447853e-01
9.833751e-01
9.668301e-01
9.396855e-01
9.900989e-01
9.287400e-01
9.245381e-01
9.619287e-01
9.829913e-01
9.761137e-01
9.120533e-01
9.474221e-01
9.435122e-01
9.732020e-01
9.647847e-01
9.859553e-01
9.548461e-01
8.681665e-01
9.226930e-01
9.403640e-01
9.676440e-01
9.583518e-01
9.802730e-01
9.579699e-01
8.743855e-01
9.554464e-01
9.558815e-01
9.803211e-01
9.706062e-01
9.422386e-01
9.043580e-01
9.798270e-01
9.854390e-01
9.443354e-01
9.806124e-01
9.786533e-01
9.309677e-01
9.877634e-01
9.301119e-01
8.929924e-01
9.549085e-01
9.413724e-01
9.221948e-01
9.746966e-01
9.605605e-01
9.629067e-01
9.009912e-01
9.264041e-01
9.648648e-01
9.534268e-01
9.817116e-01
9.723787e-01
9.686194e-01
9.695661e-01
9.602232e-01
9.725975e-01
8.838336e-01
9.043665e-01
9.817990e-01
9.690540e-01
9.279206e-01
9.445562e-01
9.419024e-01
9.384139e-01
9.634156e-01
9.653865e-01
9.792060e-01
9.815840e-01
9.532754e-01
9.558780e-01
9.431861e-01
9.679186e-01
8.895743e-01
9.152748e-01
9.581025e-01
9.522674e-01
9.911319e-01
9.766115e-01
9.615375e-01
8.661494e-01
9.649551e-01
9.937909e-01
9.695823e-01
9.370219e-01
8.919010e-01
9.861285e-01
8.985157e-01
9.608325e-01
9.723989e-01
9.717664e-01
9.831648e-01
9.710587e-01
9.426893e-01
9.592732e-01
9.756407e-01
9.673203e-01
9.548821e-01
9.082760e-01
9.868418e-01
9.187205e-01
9.553272e-01
8.789020e-01
9.376875e-01
9.180551e-01
9.790549e-01
9.703263e-01
9.755312e-01
9.719141e-01
9.424568e-01
9.620159e-01
9.581454e-01
9.794562e-01
8.934564e-01
8.861602e-01
9.906199e-01
9.710217e-01
9.383347e-01
9.768611e-01
9.182870e-01
8.994433e-01
9.252274e-01
9.716347e-01
8.900692e-01
9.803459e-01
9.704492e-01
9.747945e-01
9.786168e-01
9.718631e-01
9.312591e-01
9.150739e-01
9.425288e-01
9.578086e-01
9.725268e-01
9.716033e-01
9.630411e-01
9.769192e-01
9.698800e-01
9.684464e-01
9.737116e-01
8.240149e-01
9.507287e-01
9.935171e-01
9.659008e-01
9.415031e-01
9.820334e-01
9.729203e-01
9.635205e-01
9.585659e-01
9.299812e-01
9.894539e-01
9.479828e-01
9.468420e-01
9.802198e-01
9.632825e-01
9.397756e-01
8.990404e-01
9.486287e-01
9.476543e-01
9.347806e-01
9.800105e-01
9.693044e-01
9.718510e-01
9.245374e-01
9.657766e-01
9.646642e-01
8.919176e-01
9.670538e-01
9.584859e-01
9.923953e-01
9.832468e-01
9.835948e-01
9.287798e-01
9.696419e-01
9.754151e-01
9.790982e-01
9.288994e-01
9.667719e-01
9.410441e-01
9.167631e-01
9.760772e-01
9.427494e-01
9.820751e-01
9.299944e-01
9.622350e-01
9.816094e-01
9.585330e-01
9.228621e-01
9.738837e-01
9.329165e-01
9.877395e-01
9.597574e-01
9.778057e-01
9.519131e-01
9.576300e-01
9.750038e-01
9.641229e-01
9.815768e-01
9.869542e-01
9.603751e-01
9.744335e-01
9.675163e-01
9.014764e-01
9.731761e-01
9.664344e-01
8.924575e-01
9.488274e-01
9.506512e-01
9.474450e-01
9.483700e-01
9.806218e-01
9.774794e-01
9.727363e-01
9.801119e-01
9.473748e-01
9.631598e-01
9.737777e-01
9.640249e-01
9.432884e-01
9.454623e-01
9.798097e-01
9.656067e-01
9.457151e-01
9.765923e-01
9.751255e-01
9.572724e-01
9.557311e-01
9.617626e-01
9.835360e-01
8.648288e-01
9.618280e-01
9.763836e-01
9.782077e-01
9.841358e-01
9.938425e-01
9.607915e-01
9.936941e-01
9.705510e-01
9.702718e-01
9.622321e-01
9.123856e-01
9.714494e-01
9.641365e-01
9.748048e-01
9.702231e-01
9.541259e-01
9.296899e-01
9.437022e-01
9.608576e-01
9.215816e-01
8.902197e-01
9.645751e-01
9.273322e-01
9.827817e-01
9.523095e-01
9.622816e-01
9.065573e-01
9.805057e-01
8.943802e-01
9.505222e-01
9.751119e-01
9.745438e-01
9.713383e-01
9.707514e-01
8.505968e-01
9.757586e-01
9.185125e-01
9.812763e-01
9.634133e-01
9.687217e-01
9.465137e-01
9.556516e-01
9.673909e-01
9.838554e-01
9.819019e-01
9.658423e-01
9.053456e-01
9.646863e-01
9.248738e-01
9.002814e-01
9.795624e-01
9.722550e-01
9.770074e-01
9.389170e-01
9.059139e-01
8.868510e-01
9.787265e-01
9.637079e-01
9.863203e-01
8.730930e-01
9.479980e-01
9.740623e-01
9.581771e-01
9.530775e-01
9.234931e-01
9.775557e-01
9.797069e-01
9.721440e-01
9.679861e-01
9.650160e-01
9.592916e-01
9.721884e-01
9.686089e-01
9.810210e-01
9.578167e-01
8.929624e-01
9.265692e-01
9.668890e-01
9.538443e-01
9.710594e-01
9.739362e-01
9.041135e-01
9.802505e-01
9.219325e-01
9.633464e-01
9.658620e-01
9.667804e-01
9.183384e-01
8.855340e-01
9.866741e-01
9.434432e-01
9.182042e-01
9.749403e-01
9.892769e-01
9.037651e-01
8.955708e-01
9.650092e-01
9.770711e-01
9.702512e-01
9.742784e-01
9.638704e-01
9.351170e-01
9.843181e-01
9.754559e-01
9.683718e-01
9.734319e-01
9.275068e-01
9.437449e-01
9.687821e-01
9.470171e-01
9.730691e-01
9.241335e-01
9.219385e-01
9.293109e-01
9.174752e-01
9.236468e-01
9.747712e-01
9.493060e-01
9.543172e-01
9.742324e-01
9.422817e-01
9.807737e-01
9.719782e-01
9.795516e-01
9.582828e-01
9.385619e-01
9.355261e-01
9.747754e-01
9.713175e-01
9.805458e-01
9.287720e-01
9.808112e-01
9.549735e-01
9.245329e-01
8.868108e-01
8.961705e-01
9.806577e-01
9.397997e-01
9.387388e-01
9.259570e-01
9.132646e-01
9.539351e-01
9.546275e-01
9.112414e-01
8.655023e-01
9.099887e-01
9.668644e-01
9.771603e-01
9.125234e-01
9.726134e-01
9.507369e-01
9.900486e-01
9.560572e-01
9.583119e-01
9.569754e-01
9.666584e-01
9.572992e-01
9.650247e-01
9.791026e-01
9.148599e-01
9.771990e-01
9.729552e-01
9.598436e-01
9.678315e-01
8.966604e-01
9.660498e-01
9.199725e-01
9.812578e-01
9.642672e-01
9.437324e-01
9.535751e-01
9.118642e-01
9.686819e-01
9.632634e-01
9.214610e-01
9.500598e-01
9.488244e-01
9.454966e-01
9.721857e-01
9.507983e-01
9.801096e-01
9.403305e-01
9.524912e-01
9.429469e-01
9.706988e-01
9.918682e-01
9.197802e-01
9.306977e-01
9.680903e-01
9.752141e-01
9.532491e-01
9.505210e-01
9.657360e-01
9.717937e-01
9.776937e-01
9.728369e-01
9.272313e-01
9.847344e-01
9.575909e-01
9.489766e-01
9.730994e-01
9.609788e-01
9.371915e-01
9.509511e-01
9.595236e-01
9.646321e-01
9.766015e-01
9.640581e-01
9.577632e-01
9.243236e-01
9.527435e-01
9.613990e-01
9.668912e-01
9.254405e-01
9.258822e-01
9.806227e-01
8.418955e-01
9.697412e-01
9.762239e-01
9.674450e-01
8.184824e-01
9.211127e-01
9.721768e-01
9.495637e-01
9.802499e-01
9.660250e-01
9.223160e-01
9.762501e-01
9.919797e-01
9.723429e-01
9.059217e-01
9.643637e-01
9.542765e-01
9.794004e-01
9.754551e-01
9.526817e-01
9.840077e-01
9.658519e-01
9.765297e-01
9.612790e-01
9.828694e-01
8.804325e-01
9.657207e-01
9.151464e-01
9.332151e-01
9.800196e-01
9.810661e-01
9.378945e-01
8.865924e-01
9.895314e-01
9.678562e-01
9.357342e-01
9.420413e-01
9.645132e-01
9.719208e-01
9.613846e-01
9.490246e-01
9.713246e-01
9.712343e-01
9.870188e-01
9.189878e-01
9.708489e-01
9.719639e-01
9.716512e-01
9.686620e-01
9.566515e-01
9.589063e-01
8.996172e-01
9.621933e-01
9.637284e-01
9.668231e-01
9.570207e-01
9.235118e-01
9.788464e-01
9.524371e-01
9.751958e-01
9.730511e-01
9.236078e-01
9.579603e-01
9.608005e-01
9.226884e-01
9.519740e-01
9.567004e-01
9.618448e-01
9.571490e-01
9.693217e-01
9.661681e-01
9.279279e-01
9.510476e-01
9.671485e-01
9.759701e-01
9.960179e-01
9.718642e-01
9.471961e-01
9.585903e-01
9.780350e-01
9.801139e-01
9.498428e-01
9.189803e-01
9.741040e-01
9.424311e-01
9.895749e-01
9.521057e-01
9.367308e-01
9.162838e-01
9.364373e-01
9.588658e-01
9.709779e-01
9.613334e-01
9.361360e-01
9.609617e-01
8.695630e-01
9.766318e-01
9.476226e-01
9.736269e-01
9.204438e-01
9.590987e-01
9.835901e-01
9.616258e-01
9.377362e-01
9.701075e-01
9.788991e-01
9.557923e-01
9.648604e-01
9.577864e-01
9.662765e-01
9.884997e-01
9.704546e-01
9.777415e-01
9.128443e-01
9.720913e-01
9.837432e-01
8.807791e-01
9.505253e-01
9.645713e-01
9.754045e-01
9.421579e-01
9.479501e-01
8.088396e-01
9.721307e-01
9.858050e-01
9.784581e-01
9.357781e-01
9.771673e-01
9.618516e-01
9.646671e-01
9.844987e-01
9.732584e-01
9.606251e-01
9.186329e-01
9.752182e-01
9.309356e-01
9.634474e-01
9.745345e-01
9.613855e-01
9.528639e-01
9.216379e-01
9.582612e-01
9.664269e-01
9.175139e-01
9.011879e-01
9.728232e-01
9.013714e-01
9.792691e-01
9.488622e-01
9.597690e-01
9.656016e-01
9.438687e-01
9.436079e-01
9.711227e-01
9.721356e-01
9.660559e-01
9.791217e-01
9.518064e-01
9.674285e-01
9.555860e-01
9.668617e-01
9.120372e-01
9.376235e-01
9.820806e-01
9.738985e-01
9.766315e-01
9.568840e-01
9.468321e-01
9.439460e-01
9.730856e-01
9.696094e-01
9.850815e-01
9.774718e-01
9.665095e-01
9.717892e-01
9.631787e-01
9.765559e-01
9.588116e-01
9.796107e-01
9.711829e-01
8.740403e-01
8.758143e-01
9.736665e-01
9.487234e-01
9.429746e-01
9.847069e-01
9.484966e-01
9.607042e-01
9.721361e-01
9.193167e-01
8.333395e-01
9.087281e-01
9.185936e-01
9.367154e-01
9.564378e-01
9.463293e-01
8.836879e-01
9.305724e-01
9.789495e-01
9.853446e-01
9.644669e-01
9.579125e-01
9.473142e-01
9.578131e-01
9.648332e-01
9.722448e-01
9.667449e-01
9.847548e-01
9.923382e-01
9.331051e-01
9.817200e-01
9.785758e-01
9.603920e-01
9.807868e-01
9.564559e-01
9.382345e-01
9.453022e-01
9.666199e-01
9.578711e-01
9.711093e-01
9.071040e-01
9.739657e-01
9.836336e-01
9.722098e-01
9.776524e-01
9.469918e-01
9.684241e-01
9.350011e-01
9.507277e-01
9.583453e-01
9.751757e-01
8.991261e-01
9.834134e-01
9.152285e-01
9.872690e-01
9.779200e-01
9.867080e-01
9.750455e-01
9.800633e-01
9.201188e-01
9.126068e-01
9.271117e-01
9.358212e-01
9.572264e-01
9.430770e-01
9.742143e-01
9.678140e-01
9.277805e-01
9.471455e-01
9.685381e-01
9.030803e-01
9.641353e-01
9.827770e-01
9.632576e-01
9.810819e-01
9.607592e-01
9.628336e-01
9.747199e-01
9.212321e-01
9.440515e-01
9.692048e-01
9.654254e-01
9.472169e-01
9.943110e-01
9.290027e-01
9.384156e-01
9.406504e-01
9.686239e-01
9.384398e-01
9.338363e-01
9.755723e-01
9.620170e-01
9.125342e-01
9.713252e-01
9.790675e-01
9.684338e-01
9.749813e-01
9.703999e-01
9.687969e-01
9.869431e-01
9.728308e-01
9.583270e-01
9.544380e-01
9.693478e-01
9.502603e-01
9.631644e-01
9.230834e-01
9.743303e-01
9.604910e-01
9.787551e-01
9.650591e-01
9.263480e-01
9.763177e-01
9.732231e-01
9.687166e-01
9.504842e-01
9.564034e-01
9.685801e-01
9.884916e-01
9.659665e-01
9.892272e-01
9.497923e-01
9.161209e-01
8.596867e-01
9.582393e-01
9.444343e-01
9.763445e-01
9.804441e-01
9.895929e-01
9.902066e-01
9.250205e-01
9.684676e-01
9.850184e-01
9.705089e-01
9.726436e-01
9.727777e-01
9.339370e-01
9.408357e-01
9.782351e-01
9.623753e-01
9.617796e-01
9.742555e-01
9.506959e-01
9.825759e-01
9.774104e-01
9.833533e-01
9.607806e-01
9.849472e-01
9.620937e-01
9.903798e-01
9.687135e-01
9.718890e-01
8.927820e-01
9.510972e-01
9.737377e-01
9.785354e-01
9.471766e-01
9.192833e-01
9.610763e-01
9.646491e-01
9.785926e-01
9.454943e-01
9.639468e-01
9.699201e-01
9.786975e-01
9.732702e-01
9.567367e-01
9.911446e-01
9.783327e-01
9.520257e-01
9.869328e-01
9.688381e-01
9.826911e-01
9.766865e-01
8.794848e-01
9.715079e-01
9.659489e-01
9.742530e-01
9.492583e-01
9.776585e-01
9.496048e-01
9.701000e-01
9.520199e-01
9.207109e-01
9.349556e-01
9.600928e-01
9.384727e-01
9.319079e-01
9.799603e-01
9.721440e-01
9.205370e-01
9.299864e-01
9.744802e-01
9.699772e-01
9.741846e-01
9.055481e-01
9.888270e-01
9.421209e-01
9.765567e-01
9.850150e-01
9.578225e-01
9.737884e-01
9.652650e-01
9.817204e-01
9.249787e-01
9.789216e-01
9.285566e-01
9.680608e-01
9.441704e-01
9.723661e-01
9.759768e-01
9.353131e-01
9.614299e-01
9.781440e-01
8.672741e-01
9.642928e-01
9.602282e-01
9.830831e-01
9.442922e-01
9.854837e-01
9.771343e-01
9.850119e-01
8.775336e-01
9.332721e-01
9.643148e-01
9.707415e-01
9.678173e-01
9.696015e-01
9.479883e-01
9.390500e-01
8.927672e-01
9.537688e-01
9.641460e-01
9.812817e-01
9.800995e-01
9.449450e-01
9.623028e-01
9.552922e-01
9.691205e-01
9.712114e-01
9.454433e-01
9.585172e-01
9.721671e-01
9.705369e-01
9.688400e-01
9.738289e-01
9.740968e-01
9.712651e-01
9.396151e-01
9.747283e-01
9.785565e-01
9.702871e-01
9.758941e-01
9.107392e-01
9.559363e-01
9.622190e-01
9.794933e-01
9.403680e-01
9.659015e-01
9.724002e-01
9.752400e-01
9.733456e-01
9.834793e-01
9.381676e-01
9.516969e-01
9.592201e-01
9.197432e-01
9.651022e-01
9.504466e-01
9.594400e-01
9.194284e-01
9.623140e-01
9.791146e-01
9.787950e-01
9.759209e-01
9.324814e-01
9.419335e-01
9.706598e-01
9.428314e-01
9.708757e-01
9.776845e-01
9.239904e-01
9.602909e-01
9.413199e-01
9.722347e-01
9.639500e-01
9.642296e-01
9.570314e-01
9.737139e-01
9.794423e-01
9.797566e-01
9.625805e-01
9.607901e-01
9.718883e-01
9.720311e-01
9.620358e-01
9.686067e-01
9.834290e-01
9.542671e-01
9.716537e-01
9.867702e-01
8.869669e-01
9.149595e-01
9.233974e-01
9.519649e-01
9.861189e-01
9.553627e-01
9.660181e-01
9.346593e-01
9.797092e-01
9.729802e-01
9.749992e-01
9.183045e-01
9.827965e-01
9.793785e-01
9.312921e-01
9.893558e-01
9.609993e-01
9.705526e-01
9.407179e-01
9.329973e-01
9.591056e-01
9.701904e-01
9.506474e-01
9.705505e-01
9.602668e-01
9.778699e-01
9.023025e-01
9.706510e-01
9.759966e-01
9.510479e-01
8.919881e-01
9.024011e-01
9.641227e-01
9.882956e-01
9.614765e-01
9.782388e-01
9.584916e-01
9.901995e-01
9.793082e-01
9.789249e-01
9.590741e-01
9.552028e-01
9.471774e-01
9.610826e-01
9.501033e-01
9.666110e-01
9.570984e-01
9.372326e-01
9.844685e-01
9.467909e-01
9.443295e-01
9.779995e-01
9.750654e-01
9.630903e-01
9.371420e-01
9.766255e-01
9.745020e-01
9.664822e-01
9.274011e-01
9.539694e-01
9.750519e-01
9.786995e-01
9.543559e-01
9.567618e-01
9.511086e-01
9.077705e-01
9.747371e-01
9.752919e-01
9.793844e-01
9.389271e-01
9.195228e-01
9.782411e-01
9.411393e-01
9.744002e-01
9.816418e-01
9.748452e-01
9.230280e-01
9.104458e-01
9.533906e-01
9.260901e-01
9.246891e-01
9.774461e-01
9.523456e-01
9.784101e-01
9.792070e-01
9.247597e-01
9.773318e-01
9.768192e-01
9.145929e-01
9.444979e-01
9.029461e-01
9.798009e-01
9.216760e-01
9.668654e-01
9.154734e-01
9.422387e-01
9.613278e-01
9.075464e-01
8.666225e-01
9.557622e-01
9.736106e-01
9.366545e-01
9.901943e-01
9.648425e-01
9.790034e-01
9.509887e-01
9.413117e-01
9.778632e-01
9.508678e-01
8.458728e-01
9.616686e-01
9.491314e-01
9.664084e-01
9.771139e-01
9.885170e-01
9.856972e-01
9.692592e-01
9.097764e-01
9.332256e-01
9.227058e-01
9.740397e-01
9.722980e-01
9.240276e-01
9.515803e-01
9.381430e-01
9.554682e-01
9.835335e-01
9.771369e-01
9.835048e-01
9.555225e-01
8.918492e-01
9.662018e-01
9.677513e-01
9.118472e-01
9.544196e-01
9.711656e-01
9.632910e-01
9.624063e-01
9.802119e-01
9.103349e-01
8.771655e-01
9.659536e-01
9.683942e-01
9.738288e-01
9.812877e-01
9.567066e-01
9.654052e-01
9.270884e-01
9.708226e-01
9.409082e-01
9.538771e-01
8.958243e-01
8.756977e-01
9.484976e-01
9.395882e-01
9.296913e-01
9.142533e-01
9.627977e-01
9.055562e-01
9.642897e-01
9.460080e-01
9.303601e-01
9.786492e-01
9.669121e-01
9.877448e-01
9.574454e-01
9.818429e-01
9.602736e-01
9.723148e-01
9.650463e-01
9.770289e-01
9.263548e-01
9.575455e-01
9.746805e-01
9.254084e-01
9.753879e-01
9.519515e-01
9.594980e-01
9.399263e-01
9.785517e-01
9.757477e-01
9.882396e-01
8.583356e-01
9.608725e-01
9.749756e-01
9.316432e-01
9.825742e-01
9.902276e-01
9.723497e-01
9.182246e-01
9.725838e-01
9.806709e-01
9.757104e-01
9.111980e-01
9.677061e-01
8.873354e-01
9.324007e-01
9.723272e-01
9.400876e-01
9.053885e-01
9.645064e-01
9.756504e-01
9.555447e-01
9.418934e-01
9.713214e-01
9.616906e-01
9.487307e-01
9.682645e-01
9.705555e-01
9.532711e-01
9.634931e-01
9.201517e-01
9.630767e-01
9.524671e-01
9.739315e-01
9.621080e-01
9.049217e-01
9.390211e-01
9.811386e-01
9.741876e-01
9.589104e-01
9.596230e-01
9.533181e-01
9.791241e-01
9.860138e-01
9.333628e-01
9.604110e-01
9.898922e-01
9.766490e-01
9.583724e-01
8.641699e-01
9.794308e-01
8.702863e-01
9.534882e-01
9.659334e-01
9.706541e-01
8.997285e-01
9.835672e-01
9.494722e-01
9.753773e-01
9.497508e-01
9.513669e-01
9.688140e-01
9.383705e-01
9.205046e-01
9.550012e-01
9.691139e-01
9.688060e-01
9.819882e-01
9.587078e-01
9.464528e-01
9.482745e-01
9.615450e-01
9.648889e-01
8.100163e-01
9.484557e-01
9.530413e-01
9.529879e-01
9.544932e-01
9.708410e-01
9.761201e-01
9.478285e-01
9.768310e-01
9.697333e-01
9.314546e-01
9.607482e-01
9.770087e-01
9.454381e-01
9.788761e-01
9.191443e-01
9.674963e-01
9.662682e-01
9.656288e-01
9.405809e-01
9.717121e-01
9.705652e-01
9.781894e-01
9.705932e-01
9.640557e-01
9.726245e-01
9.603491e-01
9.204124e-01
9.886789e-01
9.293999e-01
9.789462e-01
9.632070e-01
9.791870e-01
9.618625e-01
9.505449e-01
9.650022e-01
9.228622e-01
9.497991e-01
9.648801e-01
8.709848e-01
9.696032e-01
9.776261e-01
9.436610e-01
9.878826e-01
9.524651e-01
9.577061e-01
8.353979e-01
9.661279e-01
9.801236e-01
9.702705e-01
9.151367e-01
9.830450e-01
9.675770e-01
9.604822e-01
9.625214e-01
9.728001e-01
9.888244e-01
9.640403e-01
9.680824e-01
9.453362e-01
9.698297e-01
9.090286e-01
9.600074e-01
9.674998e-01
9.702209e-01
9.808958e-01
9.557940e-01
9.751081e-01
9.192556e-01
9.696724e-01
9.722298e-01
9.689254e-01
9.563098e-01
9.345281e-01
9.539154e-01
9.753613e-01
9.648027e-01
8.838234e-01
9.542740e-01
9.690777e-01
9.407289e-01
9.664500e-01
9.619260e-01
9.319086e-01
9.501259e-01
9.619249e-01
9.753463e-01
9.613794e-01
9.588575e-01
9.524269e-01
9.280772e-01
9.765406e-01
9.874280e-01
8.639304e-01
9.632096e-01
9.788476e-01
9.274592e-01
9.396134e-01
9.532935e-01
9.825527e-01
9.802221e-01
9.370900e-01
9.644809e-01
9.906013e-01
9.356201e-01
9.800755e-01
8.995921e-01
9.176290e-01
9.701085e-01
9.198883e-01
9.513137e-01
9.875746e-01
9.613608e-01
9.689368e-01
8.996351e-01
9.757767e-01
9.647905e-01
9.480858e-01
9.700376e-01
9.745272e-01
9.800228e-01
9.543933e-01
9.550265e-01
9.671943e-01
9.594128e-01
9.549651e-01
9.388808e-01
9.428171e-01
8.695837e-01
8.492223e-01
9.409770e-01
9.493653e-01
9.300438e-01
9.662960e-01
9.042490e-01
9.915930e-01
9.830089e-01
9.600294e-01
9.336540e-01
9.487519e-01
9.815455e-01
9.156232e-01
9.817075e-01
9.261978e-01
9.737740e-01
9.640113e-01
9.694583e-01
8.174668e-01
9.830934e-01
9.821176e-01
9.341710e-01
9.859547e-01
9.769511e-01
9.504494e-01
8.881256e-01
9.804865e-01
9.785597e-01
9.623370e-01
9.569598e-01
9.523047e-01
9.804711e-01
9.508486e-01
9.760318e-01
9.544026e-01
9.473585e-01
9.887334e-01
9.771999e-01
9.754975e-01
9.708212e-01
9.196137e-01
9.144018e-01
9.565630e-01
8.680161e-01
9.780493e-01
9.843669e-01
9.637229e-01
9.684247e-01
9.763577e-01
9.089793e-01
8.888953e-01
9.680739e-01
9.810507e-01
9.540298e-01
9.731169e-01
9.597700e-01
9.368189e-01
9.687425e-01
9.726009e-01
9.881459e-01
9.603128e-01
9.127727e-01
9.871725e-01
9.246967e-01
9.723162e-01
9.752030e-01
8.996709e-01
9.695335e-01
9.396231e-01
9.394048e-01
9.704426e-01
9.761563e-01
9.822797e-01
9.153214e-01
9.685244e-01
9.585028e-01
9.373176e-01
9.612578e-01
9.106216e-01
9.224495e-01
9.790113e-01
9.715000e-01
9.347954e-01
9.374530e-01
9.592028e-01
9.692332e-01
9.836673e-01
9.636755e-01
9.463324e-01
8.000143e-01
9.587205e-01
9.679250e-01
9.907549e-01
9.451309e-01
9.841919e-01
9.453152e-01
9.895982e-01
9.581573e-01
9.590970e-01
9.472028e-01
9.697942e-01
9.256115e-01
9.675445e-01
9.576447e-01
9.362489e-01
9.829731e-01
9.683215e-01
9.816822e-01
9.480413e-01
9.692942e-01
9.499302e-01
9.291666e-01
9.709884e-01
9.478525e-01
9.149305e-01
9.740087e-01
9.669016e-01
9.696913e-01
9.850150e-01
9.252477e-01
9.357429e-01
9.658276e-01
9.064208e-01
9.649804e-01
9.498532e-01
9.571536e-01
9.215294e-01
9.817599e-01
9.648877e-01
9.618561e-01
9.683168e-01
9.733080e-01
9.536689e-01
9.469488e-01
9.898998e-01
9.617893e-01
9.661778e-01
8.601904e-01
9.510293e-01
9.011962e-01
9.712887e-01
8.948693e-01
9.659214e-01
9.417779e-01
9.614266e-01
9.513559e-01
9.756883e-01
9.706435e-01
9.684970e-01
9.804499e-01
9.465455e-01
9.535339e-01
8.952664e-01
9.921650e-01
9.350604e-01
9.791030e-01
9.591244e-01
9.549115e-01
9.586135e-01
9.534859e-01
9.528693e-01
9.551487e-01
9.669772e-01
9.721691e-01
9.696435e-01
8.664170e-01
9.476667e-01
9.159728e-01
9.579219e-01
9.793588e-01
9.855305e-01
9.670979e-01
9.638635e-01
9.482265e-01
9.745483e-01
9.587041e-01
9.565216e-01
9.586090e-01
9.817770e-01
9.536259e-01
9.573476e-01
9.629527e-01
9.745119e-01
9.570152e-01
9.753680e-01
9.760816e-01
9.539855e-01
9.336296e-01
9.282251e-01
9.683579e-01
9.576518e-01
8.785089e-01
9.728784e-01
9.712715e-01
9.754630e-01
9.833631e-01
9.330427e-01
9.184755e-01
8.975380e-01
9.511215e-01
9.668591e-01
9.557349e-01
9.456595e-01
9.546631e-01
9.735994e-01
9.548801e-01
9.333218e-01
9.658855e-01
9.782887e-01
9.612149e-01
9.772240e-01
9.777480e-01
9.427031e-01
9.488822e-01
9.420605e-01
9.802131e-01
9.679352e-01
9.637738e-01
9.104275e-01
9.569635e-01
9.732851e-01
9.779416e-01
9.680693e-01
9.171655e-01
9.120048e-01
9.514298e-01
9.823553e-01
9.822258e-01
9.590996e-01
9.693100e-01
9.872477e-01
9.554490e-01
9.750065e-01
9.493292e-01
9.738130e-01
8.969949e-01
9.275745e-01
9.799794e-01
9.814512e-01
9.537362e-01
9.756615e-01
9.808171e-01
9.430692e-01
9.265783e-01
9.731488e-01
9.732047e-01
9.670265e-01
9.372127e-01
9.481611e-01
9.661784e-01
9.684611e-01
9.753118e-01
9.614314e-01
9.757049e-01
9.881204e-01
9.206433e-01
9.748431e-01
9.834901e-01
9.332248e-01
9.759028e-01
9.414897e-01
9.499825e-01
9.619259e-01
9.648862e-01
9.284506e-01
9.388855e-01
9.691149e-01
9.807760e-01
9.061424e-01
9.450552e-01
9.824850e-01
8.814315e-01
9.674858e-01
9.532727e-01
9.583612e-01
9.745013e-01
9.445624e-01
9.065083e-01
9.240366e-01
9.669425e-01
9.858130e-01
9.785241e-01
9.513562e-01
9.727259e-01
9.216100e-01
9.808714e-01
9.561154e-01
9.576983e-01
9.568999e-01
9.830905e-01
9.506902e-01
9.681262e-01
9.915841e-01
9.720949e-01
9.540818e-01
9.902238e-01
9.737768e-01
9.707554e-01
9.580055e-01
9.795022e-01
9.649825e-01
9.399956e-01
9.832214e-01
9.546120e-01
9.848791e-01
9.733194e-01
9.646537e-01
9.715948e-01
9.585795e-01
9.850465e-01
9.882560e-01
9.754960e-01
9.638307e-01
9.454787e-01
8.281895e-01
9.461663e-01
9.594173e-01
9.764729e-01
9.503816e-01
9.495705e-01
9.450813e-01
9.833686e-01
8.967161e-01
8.770775e-01
9.678540e-01
9.565903e-01
9.767434e-01
9.568168e-01
9.733262e-01
9.885935e-01
9.555002e-01
9.560346e-01
9.673878e-01
9.695229e-01
8.935723e-01
9.714487e-01
9.504042e-01
9.522668e-01
9.755090e-01
9.460519e-01
9.363227e-01
9.793296e-01
9.545998e-01
9.605386e-01
9.243004e-01
9.648194e-01
9.754680e-01
9.852724e-01
9.442239e-01
9.556693e-01
9.422543e-01
9.676963e-01
9.453162e-01
9.544566e-01
9.705678e-01
9.521551e-01
9.795910e-01
9.744529e-01
9.458456e-01
9.824041e-01
9.118055e-01
9.769481e-01
8.793592e-01
9.681252e-01
9.791688e-01
9.673223e-01
9.782883e-01
9.743660e-01
9.737932e-01
9.595738e-01
9.538387e-01
9.319782e-01
9.820043e-01
9.694855e-01
9.694027e-01
9.480898e-01
9.673415e-01
9.413616e-01
9.623802e-01
9.665558e-01
9.710364e-01
9.700831e-01
9.014012e-01
9.581942e-01
9.696494e-01
9.646986e-01
9.506043e-01
9.750194e-01
9.697344e-01
9.690245e-01
9.647107e-01
9.873022e-01
9.468591e-01
8.929885e-01
9.374483e-01
9.126796e-01
9.414764e-01
9.452211e-01
9.673185e-01
9.447478e-01
9.753846e-01
9.799176e-01
9.538119e-01
9.166370e-01
9.479533e-01
9.302897e-01
9.474679e-01
9.813403e-01
9.607216e-01
9.697468e-01
9.173449e-01
9.313524e-01
9.830191e-01
9.607488e-01
9.704750e-01
9.813498e-01
9.636135e-01
9.162347e-01
9.873516e-01
9.591755e-01
9.415010e-01
9.788347e-01
9.515468e-01
9.005003e-01
9.711532e-01
9.805447e-01
9.615800e-01
9.523780e-01
9.747892e-01
9.225291e-01
9.738077e-01
9.576118e-01
9.583555e-01
9.229853e-01
9.904380e-01
9.096361e-01
8.807868e-01
9.276897e-01
9.883369e-01
9.363663e-01
9.546065e-01
9.580612e-01
9.319843e-01
9.407746e-01
9.394868e-01
9.633160e-01
9.559955e-01
8.199715e-01
9.638339e-01
9.534448e-01
9.293527e-01
8.113187e-01
9.677630e-01
8.873229e-01
8.950973e-01
8.917469e-01
9.537251e-01
9.465468e-01
9.695415e-01
9.828325e-01
9.671788e-01
9.532497e-01
9.335418e-01
9.567600e-01
9.464056e-01
9.873740e-01
9.515515e-01
9.531234e-01
9.549350e-01
9.764555e-01
9.780056e-01
9.375113e-01
9.779789e-01
9.483423e-01
9.691484e-01
9.798115e-01
9.378408e-01
9.763839e-01
9.867775e-01
9.638828e-01
9.456679e-01
9.587576e-01
9.424440e-01
9.479693e-01
9.817158e-01
9.782162e-01
9.431226e-01
9.689810e-01
9.837645e-01
9.710636e-01
9.593239e-01
9.350594e-01
9.725237e-01
9.388174e-01
9.808865e-01
9.674439e-01
9.685485e-01
9.561944e-01
9.696728e-01
8.749530e-01
9.800927e-01
9.742468e-01
9.697196e-01
9.611161e-01
9.760490e-01
9.834447e-01
9.628704e-01
9.401981e-01
9.649096e-01
9.617750e-01
8.882034e-01
9.470702e-01
9.543552e-01
8.885010e-01
9.745702e-01
9.814549e-01
9.744544e-01
9.117532e-01
9.847023e-01
9.674942e-01
9.732581e-01
9.733265e-01
9.191899e-01
9.608183e-01
9.702711e-01
8.772667e-01
9.716516e-01
9.897554e-01
9.042546e-01
9.798259e-01
9.535721e-01
9.795939e-01
9.626697e-01
9.748997e-01
8.882109e-01
9.428440e-01
9.109014e-01
9.630875e-01
8.683492e-01
9.815101e-01
9.348824e-01
9.673488e-01
9.174222e-01
9.677645e-01
9.350893e-01
9.418153e-01
9.690393e-01
9.781825e-01
9.905103e-01
9.582442e-01
9.255404e-01
9.639864e-01
9.683266e-01
9.784269e-01
9.788143e-01
9.641702e-01
9.716621e-01
9.673735e-01
9.823785e-01
9.144475e-01
9.207421e-01
9.791170e-01
9.550239e-01
9.662505e-01
9.586064e-01
9.323727e-01
9.817273e-01
9.741501e-01
9.785557e-01
9.701030e-01
9.496532e-01
9.452769e-01
9.733192e-01
9.339669e-01
9.642809e-01
9.596911e-01
9.769513e-01
9.228682e-01
9.750442e-01
9.580990e-01
9.699138e-01
9.707832e-01
9.818062e-01
9.659206e-01
9.040830e-01
9.405638e-01
9.774162e-01
9.804370e-01
9.915057e-01
9.804400e-01
9.785681e-01
9.747901e-01
9.756023e-01
9.000468e-01
9.168971e-01
9.492677e-01
9.671085e-01
9.480691e-01
9.334820e-01
9.604939e-01
8.862191e-01
9.743325e-01
9.604982e-01
9.834984e-01
9.582577e-01
9.596561e-01
9.372214e-01
9.786328e-01
9.832481e-01
9.570843e-01
9.707370e-01
9.664208e-01
9.685916e-01
9.534837e-01
9.460337e-01
9.568759e-01
9.264536e-01
9.807990e-01
9.271147e-01
9.345129e-01
8.525801e-01
9.783478e-01
9.694393e-01
9.551527e-01
9.675389e-01
8.900839e-01
9.281045e-01
9.852423e-01
9.535566e-01
9.052487e-01
9.643210e-01
9.766817e-01
9.860027e-01
9.709125e-01
9.797915e-01
9.680479e-01
9.182653e-01
9.632353e-01
9.326575e-01
9.610932e-01
9.668083e-01
9.412525e-01
9.791237e-01
9.586661e-01
9.857634e-01
9.572138e-01
9.518440e-01
9.911938e-01
9.836564e-01
9.366610e-01
9.558043e-01
9.518948e-01
9.832429e-01
9.768896e-01
9.260423e-01
9.716657e-01
9.676761e-01
9.716848e-01
9.689371e-01
9.742455e-01
9.771383e-01
9.650779e-01
9.365010e-01
9.413073e-01
9.298578e-01
9.601224e-01
9.253736e-01
9.806632e-01
9.339544e-01
9.291424e-01
9.871745e-01
9.601953e-01
9.722810e-01
9.554070e-01
9.720959e-01
9.626568e-01
9.580963e-01
9.158993e-01
9.719967e-01
8.589396e-01
9.649472e-01
9.557268e-01
9.230433e-01
9.858208e-01
8.354911e-01
9.622571e-01
9.225501e-01
9.621395e-01
9.698568e-01
9.781620e-01
9.382119e-01
9.629004e-01
9.754963e-01
9.494894e-01
8.733257e-01
8.421687e-01
9.607421e-01
9.578816e-01
8.873873e-01
8.751809e-01
9.387515e-01
9.745684e-01
9.805210e-01
9.722230e-01
9.586726e-01
9.511598e-01
9.502615e-01
9.691063e-01
9.282491e-01
9.675995e-01
9.546916e-01
9.289286e-01
9.720558e-01
9.173364e-01
9.669356e-01
9.250551e-01
9.634757e-01
9.660193e-01
9.640985e-01
9.682317e-01
9.289387e-01
9.606091e-01
9.752424e-01
9.646037e-01
9.827219e-01
9.606485e-01
9.753147e-01
9.656702e-01
9.626459e-01
8.917773e-01
9.410587e-01
9.667484e-01
9.257766e-01
9.319630e-01
9.592996e-01
9.760252e-01
9.720486e-01
9.757346e-01
8.932237e-01
9.323043e-01
9.143641e-01
9.801233e-01
9.111957e-01
9.749228e-01
9.559427e-01
9.495377e-01
9.767477e-01
9.821933e-01
8.732238e-01
9.572556e-01
9.747409e-01
9.245716e-01
9.065075e-01
9.618027e-01
8.677323e-01
9.671690e-01
9.636436e-01
9.813301e-01
9.453785e-01
9.879083e-01
9.503656e-01
9.569707e-01
9.794799e-01
9.546829e-01
9.699381e-01
9.729631e-01
9.676538e-01
9.810815e-01
9.757239e-01
9.806403e-01
9.900853e-01
9.756199e-01
9.761807e-01
9.522007e-01
9.566761e-01
9.786092e-01
9.704114e-01
9.461166e-01
9.816439e-01
9.572719e-01
9.858461e-01
9.283530e-01
9.502797e-01
9.838269e-01
9.583186e-01
9.584063e-01
9.746756e-01
9.008186e-01
9.562070e-01
9.207599e-01
9.731756e-01
9.367698e-01
9.861692e-01
9.711915e-01
9.545684e-01
9.840466e-01
9.902720e-01
9.634226e-01
9.296927e-01
9.334193e-01
9.421825e-01
9.593975e-01
9.425132e-01
9.290803e-01
9.843398e-01
9.375462e-01
9.751606e-01
9.705243e-01
9.840046e-01
9.509480e-01
9.812066e-01
9.777260e-01
9.517724e-01
9.685071e-01
9.303264e-01
9.772816e-01
9.783141e-01
9.912303e-01
9.167653e-01
9.786354e-01
9.565789e-01
9.813862e-01
9.452893e-01
9.692139e-01
9.344382e-01
9.591766e-01
9.480429e-01
9.632819e-01
9.599894e-01
9.632035e-01
9.437746e-01
9.441566e-01
9.700901e-01
9.559833e-01
9.875991e-01
9.840113e-01
9.330564e-01
9.862713e-01
9.433339e-01
9.855101e-01
9.742774e-01
9.464944e-01
9.907315e-01
9.544573e-01
9.643642e-01
9.631959e-01
9.544791e-01
9.279287e-01
9.908314e-01
8.783416e-01
9.697451e-01
9.884979e-01
9.806820e-01
9.132614e-01
9.655737e-01
9.707223e-01
9.716251e-01
9.853502e-01
9.740204e-01
9.706599e-01
9.594997e-01
9.367154e-01
9.637802e-01
9.758824e-01
9.734121e-01
9.815833e-01
9.798645e-01
9.656446e-01
9.476810e-01
9.704535e-01
9.776943e-01
9.634063e-01
9.775858e-01
9.726343e-01
9.730781e-01
8.889432e-01
8.774640e-01
9.676538e-01
9.801937e-01
9.701327e-01
9.483318e-01
9.710035e-01
9.684409e-01
9.676006e-01
9.881019e-01
9.530988e-01
9.766102e-01
9.531853e-01
9.619508e-01
9.752224e-01
9.538070e-01
9.688479e-01
9.414864e-01
9.407373e-01
9.413589e-01
9.651813e-01
9.722641e-01
9.784941e-01
9.094234e-01
9.285177e-01
9.633802e-01
9.716517e-01
9.660875e-01
9.799870e-01
9.840605e-01
9.801864e-01
9.631205e-01
9.720481e-01
9.474807e-01
9.501012e-01
9.637562e-01
9.698908e-01
9.525158e-01
9.397499e-01
9.703611e-01
9.692255e-01
9.585181e-01
9.722730e-01
9.761508e-01
9.579357e-01
9.703236e-01
9.778440e-01
9.812111e-01
9.656825e-01
9.747405e-01
9.198057e-01
9.719006e-01
9.623669e-01
9.716796e-01
9.808585e-01
9.491406e-01
8.486320e-01
9.722315e-01
9.439324e-01
7.799649e-01
8.857482e-01
9.377005e-01
9.723422e-01
9.643656e-01
9.395875e-01
9.234738e-01
9.770328e-01
9.545275e-01
9.718997e-01
9.714769e-01
9.840104e-01
9.592776e-01
9.629667e-01
9.747464e-01
9.137729e-01
9.497540e-01
9.787002e-01
9.071096e-01
9.572610e-01
9.331638e-01
9.658875e-01
9.695949e-01
9.799921e-01
9.620554e-01
9.705483e-01
9.477846e-01
9.298290e-01
9.194725e-01
9.740077e-01
9.720856e-01
9.598641e-01
9.680217e-01
9.716466e-01
9.402970e-01
9.776780e-01
9.696698e-01
9.642589e-01
9.778918e-01
9.833072e-01
9.568730e-01
9.431659e-01
9.752813e-01
9.407695e-01
9.697422e-01
9.672441e-01
9.853833e-01
9.656388e-01
9.535855e-01
9.548156e-01
9.511916e-01
9.123735e-01
9.458429e-01
9.497049e-01
9.439579e-01
9.635563e-01
9.487181e-01
9.853229e-01
9.577005e-01
9.649432e-01
9.562539e-01
9.599230e-01
9.415104e-01
9.642716e-01
9.543436e-01
9.607701e-01
9.412288e-01
8.930938e-01
9.521014e-01
9.250026e-01
9.316964e-01
9.687702e-01
9.529814e-01
9.655872e-01
9.190092e-01
9.576113e-01
9.662339e-01
9.510945e-01
9.845928e-01
9.590708e-01
9.701325e-01
9.643614e-01
9.001645e-01
9.566572e-01
9.580480e-01
9.701111e-01
9.518124e-01
9.456617e-01
9.245320e-01
9.306979e-01
9.451222e-01
9.644580e-01
9.727922e-01
9.075411e-01
9.290517e-01
9.739167e-01
9.316622e-01
9.702147e-01
9.675431e-01
9.590794e-01
9.709264e-01
9.714065e-01
9.790698e-01
9.598314e-01
9.867210e-01
9.819044e-01
9.884762e-01
9.371977e-01
9.634491e-01
9.461415e-01
9.601481e-01
9.731968e-01
9.753427e-01
9.552258e-01
9.626476e-01
9.774701e-01
9.607082e-01
9.811922e-01
8.657072e-01
9.572957e-01
9.904819e-01
9.454681e-01
8.934861e-01
9.512042e-01
9.835161e-01
9.578324e-01
9.668835e-01
9.301686e-01
8.511432e-01
9.303712e-01
9.352098e-01
9.691083e-01
9.439473e-01
9.468767e-01
9.771782e-01
9.934377e-01
8.695999e-01
9.587884e-01
9.607944e-01
9.677451e-01
9.344464e-01
9.650483e-01
9.709224e-01
9.265836e-01
9.617885e-01
9.849861e-01
9.164069e-01
9.753283e-01
9.771014e-01
9.750643e-01
9.590291e-01
9.340986e-01
9.634970e-01
9.536531e-01
9.508480e-01
9.625270e-01
9.785381e-01
9.777102e-01
9.534614e-01
9.617500e-01
9.832434e-01
9.855867e-01
9.770979e-01
9.118608e-01
9.850353e-01
9.792548e-01
9.214122e-01
9.834806e-01
9.881617e-01
9.547137e-01
9.395147e-01
9.700465e-01
8.811616e-01
9.756015e-01
9.840836e-01
9.819669e-01
9.626652e-01
9.613813e-01
9.540224e-01
9.506557e-01
9.725949e-01
9.632570e-01
9.737259e-01
9.377577e-01
9.827769e-01
9.837669e-01
9.868165e-01
9.630913e-01
9.223482e-01
9.582505e-01
9.802867e-01
9.758393e-01
9.612194e-01
9.799095e-01
9.622540e-01
9.070034e-01
9.617552e-01
9.645582e-01
9.013804e-01
9.757848e-01
9.573683e-01
9.810148e-01
9.852555e-01
8.996940e-01
9.748997e-01
9.231211e-01
9.243878e-01
9.728963e-01
9.581082e-01
9.183182e-01
9.335164e-01
9.589645e-01
9.674470e-01
9.790266e-01
9.879567e-01
9.098750e-01
9.777065e-01
9.770730e-01
9.659077e-01
8.503331e-01
9.756397e-01
9.703168e-01
9.746709e-01
9.501591e-01
9.661526e-01
9.408881e-01
9.565385e-01
9.775286e-01
9.608999e-01
9.325318e-01
9.603772e-01
9.378232e-01
9.575590e-01
9.630157e-01
9.884098e-01
9.755532e-01
9.545815e-01
9.800121e-01
9.514202e-01
9.525279e-01
9.622989e-01
9.680240e-01
9.619315e-01
9.656556e-01
9.707378e-01
9.700038e-01
9.353971e-01
9.837554e-01
9.585448e-01
9.895508e-01
9.690518e-01
9.355933e-01
9.565131e-01
9.563464e-01
9.590147e-01
9.901143e-01
9.805210e-01
9.353345e-01
9.608992e-01
9.731290e-01
9.479743e-01
9.583840e-01
9.543104e-01
9.641472e-01
8.864278e-01
9.870015e-01
9.668794e-01
9.635556e-01
9.114277e-01
9.159910e-01
9.256880e-01
9.828112e-01
9.526932e-01
9.341117e-01
9.812757e-01
9.418220e-01
9.674264e-01
8.914367e-01
9.423853e-01
9.251318e-01
9.584108e-01
9.639046e-01
9.274313e-01
9.793969e-01
9.307581e-01
8.853330e-01
9.541267e-01
9.387134e-01
9.710798e-01
9.397529e-01
9.652713e-01
9.632710e-01
9.067300e-01
9.848263e-01
9.398678e-01
9.830654e-01
9.883815e-01
9.334020e-01
9.633050e-01
9.434868e-01
9.691677e-01
9.581173e-01
9.155396e-01
9.848368e-01
9.752223e-01
9.837920e-01
9.542557e-01
9.689829e-01
9.400453e-01
9.763538e-01
9.225357e-01
9.227841e-01
9.731357e-01
9.576292e-01
9.245256e-01
9.666583e-01
9.635277e-01
9.681751e-01
9.337601e-01
9.463525e-01
9.640964e-01
9.446828e-01
9.708435e-01
9.243523e-01
9.611587e-01
9.464060e-01
9.680416e-01
9.696640e-01
9.571979e-01
9.163301e-01
9.611983e-01
9.634867e-01
8.851100e-01
9.838241e-01
8.806814e-01
9.495355e-01
9.602537e-01
9.151837e-01
9.823689e-01
9.676877e-01
9.640147e-01
9.653482e-01
9.430581e-01
9.712634e-01
9.098116e-01
9.462354e-01
9.537668e-01
9.722223e-01
9.825761e-01
9.708579e-01
9.629316e-01
9.892525e-01
9.183668e-01
9.667481e-01
9.865151e-01
8.847470e-01
9.431947e-01
8.956568e-01
9.638643e-01
9.530743e-01
9.756780e-01
9.353841e-01
9.856418e-01
9.557205e-01
9.523474e-01
9.773047e-01
9.522092e-01
9.798708e-01
9.818742e-01
9.553807e-01
9.252797e-01
9.820910e-01
9.674076e-01
9.765513e-01
9.352674e-01
9.000472e-01
9.794818e-01
9.677827e-01
9.527080e-01
9.681087e-01
9.798827e-01
8.466814e-01
9.684169e-01
9.600015e-01
9.652192e-01
9.381176e-01
9.207096e-01
9.797365e-01
9.494624e-01
9.738943e-01
9.766133e-01
9.526034e-01
9.521089e-01
9.312788e-01
9.661664e-01
9.262632e-01
9.547889e-01
9.745551e-01
9.649484e-01
9.575309e-01
9.750437e-01
9.782599e-01
9.182131e-01
9.777677e-01
9.752333e-01
9.107136e-01
9.774187e-01
9.549227e-01
8.711356e-01
9.552227e-01
8.842136e-01
9.712893e-01
9.400761e-01
9.283317e-01
9.669373e-01
9.577416e-01
9.722531e-01
9.535231e-01
9.683178e-01
9.515468e-01
9.618591e-01
9.729556e-01
9.696864e-01
9.450043e-01
9.804899e-01
9.654884e-01
9.693094e-01
9.715851e-01
9.684523e-01
9.659350e-01
9.821120e-01
9.416384e-01
9.679272e-01
9.485480e-01
9.814097e-01
9.259024e-01
9.708248e-01
8.742436e-01
9.628665e-01
9.454984e-01
9.656077e-01
9.792874e-01
9.120603e-01
9.752936e-01
9.649431e-01
9.849912e-01
9.186460e-01
9.619882e-01
9.468160e-01
9.609459e-01
9.838309e-01
9.518352e-01
9.641211e-01
9.600784e-01
9.610082e-01
9.773599e-01
9.441351e-01
9.638262e-01
9.688771e-01
9.799142e-01
9.324998e-01
9.819936e-01
9.619988e-01
9.813206e-01
9.676863e-01
9.637780e-01
9.782858e-01
8.985884e-01
9.710451e-01
9.589678e-01
8.536962e-01
9.606114e-01
9.640784e-01
9.746055e-01
9.290263e-01
9.733184e-01
9.168160e-01
8.463895e-01
9.631966e-01
9.549172e-01
9.664730e-01
9.728781e-01
9.849645e-01
9.671783e-01
9.716293e-01
9.781160e-01
9.866726e-01
8.281047e-01
9.501024e-01
9.597781e-01
9.624265e-01
9.473200e-01
9.877146e-01
9.607480e-01
9.691242e-01
9.332145e-01
9.486019e-01
9.841662e-01
9.679025e-01
9.129008e-01
9.812594e-01
9.184208e-01
9.780054e-01
9.573754e-01
9.459120e-01
9.555255e-01
9.882706e-01
9.770962e-01
9.580003e-01
9.893793e-01
9.706265e-01
9.573620e-01
9.601384e-01
9.691220e-01
9.540703e-01
9.681274e-01
8.773434e-01
9.814417e-01
9.682751e-01
9.681793e-01
9.680020e-01
9.813952e-01
8.946030e-01
9.656170e-01
9.624546e-01
9.692999e-01
9.716358e-01
9.887195e-01
9.837111e-01
9.781574e-01
9.467687e-01
9.413671e-01
9.498762e-01
9.509309e-01
9.631549e-01
9.523701e-01
9.564414e-01
9.687614e-01
9.526453e-01
9.671005e-01
9.669128e-01
9.006070e-01
9.561565e-01
9.423404e-01
9.301401e-01
9.630624e-01
9.783341e-01
9.530318e-01
9.558382e-01
8.829476e-01
9.486708e-01
9.757782e-01
9.606761e-01
9.752197e-01
9.680520e-01
9.270379e-01
9.756669e-01
9.599189e-01
9.741830e-01
9.673937e-01
9.868706e-01
9.602215e-01
9.693586e-01
9.255717e-01
9.760297e-01
9.691364e-01
9.813868e-01
9.795643e-01
9.805072e-01
9.705160e-01
9.591006e-01
9.813225e-01
9.525585e-01
9.552498e-01
9.564095e-01
9.826035e-01
9.568332e-01
9.469095e-01
9.119177e-01
8.961797e-01
8.936252e-01
9.621311e-01
9.659833e-01
9.749597e-01
9.620742e-01
9.588221e-01
9.560881e-01
9.736561e-01
9.827187e-01
9.671077e-01
9.272182e-01
9.590462e-01
9.605649e-01
9.195869e-01
9.813547e-01
9.744875e-01
9.826708e-01
9.205635e-01
9.698312e-01
9.633054e-01
9.346085e-01
8.952641e-01
9.344003e-01
9.342205e-01
9.557206e-01
9.663978e-01
9.732156e-01
9.346595e-01
9.714191e-01
9.585239e-01
9.512120e-01
9.075884e-01
9.562413e-01
8.420003e-01
9.392253e-01
9.565206e-01
9.676524e-01
9.359145e-01
9.357219e-01
9.798503e-01
8.792108e-01
9.625987e-01
9.597795e-01
9.554322e-01
9.382929e-01
9.716998e-01
9.885112e-01
9.664035e-01
9.436753e-01
9.739101e-01
9.035399e-01
9.512583e-01
9.416680e-01
9.139597e-01
9.076706e-01
9.802539e-01
9.738099e-01
9.268418e-01
9.700362e-01
9.520881e-01
9.837777e-01
9.505245e-01
9.813644e-01
9.865105e-01
9.270213e-01
9.684236e-01
9.517118e-01
9.467097e-01
9.750769e-01
9.101185e-01
9.493785e-01
9.329276e-01
9.897034e-01
9.717190e-01
9.248822e-01
9.411070e-01
9.711402e-01
8.778404e-01
9.612259e-01
9.271659e-01
9.939767e-01
9.383059e-01
9.748164e-01
8.972370e-01
9.291898e-01
9.509415e-01
9.749235e-01
9.269895e-01
9.819258e-01
9.417957e-01
9.440031e-01
9.460917e-01
9.828434e-01
9.851313e-01
9.649473e-01
9.824741e-01
9.580309e-01
9.718102e-01
9.629153e-01
9.769455e-01
9.602526e-01
9.724348e-01
9.784519e-01
9.754428e-01
9.679649e-01
9.633356e-01
9.799089e-01
9.547115e-01
9.761067e-01
9.535330e-01
9.564056e-01
9.733526e-01
9.754201e-01
9.727336e-01
9.787243e-01
9.194101e-01
9.622524e-01
9.656479e-01
9.634003e-01
9.707288e-01
9.659134e-01
9.786032e-01
9.730248e-01
9.283297e-01
9.648906e-01
9.747593e-01
9.369870e-01
9.481927e-01
9.262313e-01
9.586304e-01
9.866143e-01
9.410224e-01
9.813923e-01
9.752948e-01
9.684015e-01
9.778307e-01
9.086982e-01
9.281349e-01
9.634441e-01
9.599966e-01
9.836660e-01
9.871852e-01
9.526729e-01
9.636009e-01
9.451665e-01
8.462125e-01
9.637300e-01
9.723895e-01
9.407676e-01
9.278480e-01
9.718667e-01
9.492080e-01
9.718774e-01
9.852198e-01
9.767988e-01
9.674198e-01
9.600239e-01
9.772787e-01
9.649333e-01
9.631951e-01
9.521868e-01
9.786491e-01
9.470280e-01
9.387481e-01
9.672391e-01
9.598800e-01
9.804519e-01
9.827380e-01
9.610355e-01
9.631940e-01
9.763169e-01
9.764588e-01
9.569061e-01
9.450945e-01
9.776436e-01
9.630551e-01
9.045813e-01
9.521733e-01
9.823126e-01
9.606323e-01
9.793119e-01
9.525382e-01
9.582799e-01
9.744064e-01
9.665996e-01
9.407265e-01
9.784821e-01
9.565049e-01
9.818499e-01
9.710349e-01
9.247680e-01
9.103383e-01
9.729221e-01
9.544159e-01
9.809337e-01
9.684201e-01
9.849825e-01
9.595483e-01
9.781509e-01
9.768306e-01
9.488029e-01
9.784049e-01
9.716879e-01
9.424036e-01
9.823438e-01
9.541678e-01
9.742236e-01
9.596812e-01
9.638336e-01
9.716907e-01
9.616534e-01
9.631190e-01
9.650803e-01
9.729442e-01
9.273988e-01
9.499413e-01
9.892682e-01
9.232398e-01
9.400468e-01
9.659017e-01
9.467613e-01
9.527574e-01
9.835270e-01
9.860121e-01
9.578368e-01
9.698892e-01
9.650027e-01
9.643041e-01
9.805532e-01
9.548379e-01
9.763819e-01
9.916964e-01
8.765516e-01
9.809225e-01
9.282633e-01
9.391877e-01
9.299229e-01
9.764969e-01
9.742036e-01
9.349539e-01
9.664057e-01
9.663700e-01
9.114760e-01
9.785592e-01
9.749940e-01
9.819710e-01
9.502959e-01
9.617147e-01
9.667092e-01
9.668273e-01
9.913439e-01
9.314690e-01
9.175926e-01
9.390788e-01
9.413308e-01
9.741095e-01
9.765890e-01
9.592715e-01
9.476295e-01
9.826584e-01
9.705865e-01
9.809433e-01
9.500254e-01
9.676188e-01
9.840916e-01
9.733941e-01
9.775662e-01
9.746132e-01
9.687731e-01
8.662208e-01
9.361506e-01
9.684025e-01
9.458737e-01
9.837643e-01
9.709061e-01
9.768779e-01
9.772535e-01
9.706942e-01
9.767799e-01
9.614028e-01
9.316550e-01
9.811522e-01
9.440642e-01
9.847417e-01
9.544707e-01
9.721634e-01
9.411774e-01
9.776912e-01
9.754113e-01
9.326179e-01
9.228331e-01
9.801484e-01
8.662021e-01
9.439491e-01
9.662440e-01
9.728373e-01
9.748938e-01
9.621503e-01
9.586932e-01
9.804008e-01
9.410810e-01
9.629109e-01
9.562748e-01
9.042975e-01
9.011597e-01
9.885326e-01
9.462143e-01
9.481327e-01
9.098552e-01
9.577724e-01
9.393297e-01
9.738198e-01
9.698406e-01
9.284579e-01
9.304690e-01
9.426010e-01
9.418877e-01
9.648996e-01
9.571374e-01
9.818173e-01
9.457356e-01
9.613492e-01
9.635868e-01
9.778037e-01
9.671503e-01
9.408657e-01
9.725092e-01
9.638622e-01
9.581721e-01
9.544419e-01
9.850582e-01
9.256523e-01
9.663650e-01
9.666108e-01
9.583187e-01
9.678660e-01
8.883482e-01
9.639652e-01
9.461358e-01
9.736135e-01
9.609127e-01
9.307160e-01
9.662925e-01
9.481934e-01
9.179116e-01
9.412889e-01
9.725444e-01
9.708496e-01
9.688475e-01
9.612028e-01
9.854974e-01
9.704349e-01
9.783045e-01
9.770123e-01
9.788592e-01
9.634652e-01
9.302279e-01
9.748560e-01
9.312266e-01
9.799722e-01
9.781544e-01
9.865952e-01
9.533041e-01
9.872653e-01
9.573831e-01
9.739390e-01
9.595990e-01
9.319383e-01
9.680855e-01
9.626577e-01
9.845331e-01
9.559803e-01
9.756842e-01
9.370987e-01
9.528928e-01
9.636682e-01
9.850392e-01
9.781176e-01
9.486678e-01
9.472626e-01
9.773131e-01
9.835229e-01
9.254236e-01
9.387375e-01
9.489389e-01
9.716133e-01
9.504978e-01
9.539692e-01
9.694353e-01
9.894167e-01
9.723430e-01
9.730689e-01
9.550597e-01
8.535979e-01
9.331450e-01
9.790907e-01
9.507974e-01
8.234089e-01
9.526333e-01
9.664514e-01
9.481166e-01
8.836759e-01
9.720081e-01
9.676217e-01
9.123712e-01
9.363188e-01
9.360758e-01
9.529256e-01
9.898557e-01
9.663075e-01
9.635718e-01
9.635782e-01
9.832901e-01
9.685418e-01
9.462850e-01
9.549163e-01
9.763405e-01
9.362026e-01
9.720405e-01
9.688326e-01
9.629287e-01
9.844458e-01
9.302900e-01
8.719838e-01
9.540901e-01
9.597085e-01
9.492431e-01
8.701505e-01
9.407743e-01
9.846381e-01
9.550070e-01
9.842588e-01
8.981792e-01
9.563190e-01
9.824139e-01
9.666160e-01
9.905649e-01
9.771482e-01
9.888050e-01
9.825656e-01
9.660742e-01
9.704425e-01
9.624056e-01
7.378120e-01
9.614963e-01
9.050010e-01
9.630061e-01
9.570024e-01
9.508239e-01
9.692662e-01
9.326712e-01
9.709883e-01
9.447700e-01
9.471820e-01
9.859853e-01
8.988287e-01
9.801835e-01
9.801423e-01
9.522064e-01
9.740984e-01
9.341807e-01
9.167076e-01
9.764354e-01
9.468317e-01
9.655274e-01
9.745243e-01
9.521918e-01
9.621629e-01
9.634778e-01
9.609120e-01
9.769418e-01
9.498455e-01
9.528493e-01
9.851573e-01
9.397913e-01
9.517359e-01
9.480542e-01
9.580829e-01
9.671871e-01
9.628776e-01
9.745177e-01
9.644466e-01
9.683051e-01
9.312903e-01
9.607873e-01
9.740303e-01
8.770636e-01
9.381064e-01
9.714512e-01
9.772341e-01
9.510698e-01
9.474868e-01
9.164885e-01
9.577169e-01
9.421006e-01
9.686034e-01
9.403099e-01
9.662491e-01
9.566961e-01
9.340889e-01
9.716642e-01
9.663461e-01
9.648869e-01
9.825635e-01
9.504610e-01
9.270174e-01
9.850150e-01
9.595856e-01
9.526677e-01
9.349506e-01
9.171669e-01
9.330612e-01
9.690106e-01
9.377844e-01
9.480383e-01
9.757530e-01
9.631687e-01
9.780017e-01
9.569285e-01
9.789238e-01
9.210757e-01
9.624021e-01
9.413354e-01
9.766068e-01
9.663540e-01
9.784531e-01
9.765701e-01
9.146831e-01
9.784162e-01
9.747051e-01
9.740072e-01
9.273042e-01
9.470723e-01
9.605746e-01
9.771366e-01
9.787634e-01
9.588751e-01
9.466502e-01
9.744231e-01
9.781343e-01
9.659707e-01
9.440314e-01
9.605991e-01
9.723833e-01
9.699946e-01
9.262064e-01
9.575606e-01
9.546748e-01
9.725367e-01
9.600355e-01
9.803610e-01
9.574937e-01
9.814423e-01
9.563493e-01
9.775058e-01
9.791605e-01
9.122313e-01
9.843858e-01
9.557876e-01
9.553099e-01
8.983549e-01
9.210019e-01
9.424220e-01
9.768597e-01
9.741299e-01
9.418033e-01
9.789408e-01
9.648415e-01
9.039863e-01
9.235511e-01
9.630569e-01
9.729110e-01
9.076886e-01
9.643210e-01
9.602155e-01
9.417297e-01
9.712239e-01
9.398944e-01
9.768168e-01
9.776900e-01
9.723961e-01
9.538575e-01
9.152246e-01
9.671208e-01
9.527596e-01
9.425327e-01
9.612109e-01
8.847911e-01
9.008380e-01
9.653371e-01
9.774721e-01
9.702736e-01
9.545124e-01
9.561782e-01
9.209330e-01
9.656171e-01
9.175638e-01
9.125984e-01
9.493210e-01
9.727391e-01
9.512983e-01
8.863410e-01
8.975931e-01
9.637289e-01
9.717346e-01
9.857118e-01
9.855758e-01
8.670918e-01
9.892018e-01
9.675990e-01
9.544530e-01
9.698940e-01
9.786005e-01
9.203089e-01
9.371501e-01
9.423509e-01
9.647434e-01
9.667805e-01
9.736982e-01
9.608012e-01
9.724980e-01
9.381653e-01
9.773764e-01
9.800169e-01
9.442465e-01
8.900340e-01
9.639002e-01
9.601227e-01
9.273095e-01
9.544801e-01
9.047825e-01
9.823947e-01
9.648486e-01
9.785102e-01
9.725502e-01
8.815175e-01
9.782849e-01
9.086579e-01
9.514524e-01
9.708415e-01
9.391701e-01
9.543824e-01
8.829380e-01
9.792697e-01
9.701268e-01
9.623397e-01
9.688746e-01
9.837753e-01
9.388251e-01
9.901314e-01
9.678339e-01
9.432352e-01
9.643258e-01
9.471786e-01
9.325198e-01
8.846986e-01
9.752938e-01
9.690439e-01
9.603164e-01
9.864512e-01
9.682746e-01
9.055712e-01
9.670353e-01
9.693603e-01
9.650271e-01
9.859160e-01
9.583164e-01
9.656618e-01
9.319672e-01
9.705513e-01
9.632447e-01
9.678579e-01
9.618157e-01
9.549572e-01
9.622010e-01
9.654870e-01
9.374173e-01
9.504105e-01
8.941106e-01
9.891263e-01
9.796619e-01
9.740368e-01
9.614065e-01
9.601046e-01
9.667250e-01
9.574075e-01
9.790505e-01
9.744912e-01
9.438315e-01
9.289705e-01
9.756981e-01
9.755563e-01
9.762045e-01
9.571048e-01
9.726343e-01
9.298631e-01
9.501687e-01
9.411334e-01
9.762998e-01
9.539131e-01
9.686736e-01
8.774775e-01
8.980777e-01
9.834450e-01
9.774977e-01
9.816887e-01
9.619476e-01
9.589700e-01
9.619533e-01
9.599764e-01
8.841872e-01
9.492960e-01
9.618747e-01
9.705305e-01
9.389217e-01
9.733037e-01
9.334773e-01
9.711879e-01
9.546158e-01
9.648441e-01
9.845933e-01
8.816043e-01
9.266109e-01
9.443063e-01
9.559722e-01
9.650854e-01
9.773260e-01
9.822337e-01
9.648029e-01
9.581662e-01
9.541100e-01
9.771564e-01
9.527873e-01
9.549327e-01
9.574459e-01
9.686696e-01
9.820181e-01
9.487780e-01
9.860821e-01
9.400157e-01
9.840975e-01
9.644935e-01
9.434208e-01
9.494685e-01
9.642072e-01
9.799684e-01
9.803109e-01
9.703518e-01
9.636397e-01
9.408924e-01
9.821083e-01
9.415590e-01
9.438797e-01
9.130461e-01
9.409719e-01
9.391781e-01
9.590482e-01
9.766910e-01
9.198798e-01
9.493313e-01
9.564675e-01
9.714275e-01
9.726720e-01
9.701765e-01
9.706081e-01
9.431039e-01
9.829303e-01
8.798822e-01
9.502810e-01
9.759666e-01
9.860488e-01
9.758134e-01
9.620456e-01
9.557023e-01
9.639785e-01
9.552076e-01
9.511616e-01
9.488533e-01
9.123184e-01
9.472777e-01
9.857330e-01
9.445574e-01
9.604966e-01
9.779156e-01
9.778506e-01
9.701612e-01
9.382826e-01
9.836389e-01
9.708617e-01
9.654093e-01
9.247966e-01
9.545579e-01
9.628623e-01
9.717536e-01
9.709153e-01
9.707139e-01
9.416900e-01
9.726865e-01
9.846852e-01
9.802161e-01
9.289018e-01
9.523154e-01
9.241108e-01
9.708458e-01
9.697557e-01
9.732379e-01
9.490304e-01
9.429190e-01
9.781865e-01
9.881334e-01
9.435207e-01
9.813847e-01
9.590203e-01
9.780534e-01
9.915039e-01
9.844725e-01
9.658623e-01
9.009677e-01
9.776931e-01
9.605652e-01
9.876922e-01
9.331445e-01
8.953385e-01
9.332553e-01
9.291260e-01
9.902674e-01
9.556123e-01
9.735138e-01
9.758160e-01
9.216428e-01
9.712369e-01
9.712311e-01
9.618194e-01
9.832007e-01
9.601146e-01
9.680391e-01
9.417016e-01
9.374208e-01
9.496274e-01
9.843511e-01
9.422267e-01
9.758927e-01
9.815256e-01
9.440434e-01
9.846790e-01
9.573006e-01
9.594867e-01
9.101406e-01
9.581080e-01
9.776002e-01
9.818499e-01
9.772062e-01
9.560955e-01
9.591306e-01
9.810241e-01
9.791561e-01
9.230573e-01
9.655458e-01
9.735966e-01
9.624579e-01
9.546236e-01
9.572965e-01
9.692421e-01
9.676064e-01
9.615002e-01
9.408456e-01
9.448764e-01
9.815135e-01
9.405554e-01
9.682961e-01
9.547404e-01
9.235757e-01
9.481136e-01
9.561671e-01
9.714554e-01
9.732453e-01
9.354320e-01
9.572156e-01
9.816457e-01
9.653957e-01
9.304205e-01
8.522642e-01
9.138853e-01
9.672452e-01
9.586228e-01
9.778742e-01
9.725904e-01
9.591116e-01
9.646989e-01
9.850700e-01
9.643322e-01
9.331380e-01
9.140026e-01
9.699550e-01
9.534551e-01
9.525154e-01
9.643649e-01
9.656753e-01
9.793041e-01
9.826130e-01
9.555957e-01
9.469162e-01
9.569564e-01
9.731165e-01
9.380791e-01
9.555932e-01
9.776059e-01
9.413090e-01
9.671733e-01
9.529546e-01
9.255567e-01
9.802530e-01
9.586936e-01
9.784015e-01
9.856818e-01
9.559381e-01
9.701077e-01
9.721158e-01
9.691961e-01
9.699073e-01
9.474570e-01
9.494690e-01
9.755905e-01
8.808667e-01
9.318674e-01
9.786437e-01
9.787609e-01
9.733291e-01
9.635474e-01
9.624220e-01
9.778235e-01
9.779330e-01
9.488682e-01
9.738209e-01
9.688971e-01
9.601441e-01
9.594905e-01
9.487525e-01
9.543265e-01
9.528309e-01
9.443576e-01
9.668161e-01
9.796092e-01
9.298872e-01
9.500365e-01
7.636316e-01
9.527775e-01
9.438422e-01
9.623357e-01
9.688723e-01
9.358201e-01
9.204937e-01
9.415248e-01
9.303529e-01
9.391117e-01
9.367303e-01
9.630581e-01
9.842803e-01
9.670734e-01
9.772072e-01
9.771822e-01
8.836998e-01
9.794164e-01
9.439622e-01
9.801946e-01
9.805136e-01
9.745060e-01
9.250290e-01
8.661405e-01
9.910247e-01
9.645001e-01
9.416763e-01
9.313086e-01
9.727974e-01
9.656899e-01
9.630170e-01
9.745978e-01
9.672392e-01
9.384279e-01
9.596759e-01
8.590965e-01
9.748615e-01
9.623790e-01
9.801913e-01
9.519713e-01
9.481784e-01
9.579868e-01
9.478429e-01
9.770531e-01
9.365145e-01
9.832035e-01
9.746786e-01
9.609115e-01
9.595183e-01
9.683197e-01
9.621016e-01
9.501429e-01
9.109548e-01
9.245050e-01
9.535464e-01
9.211810e-01
9.453951e-01
8.827002e-01
9.823016e-01
9.540845e-01
9.622965e-01
9.680211e-01
9.627818e-01
9.416947e-01
9.755245e-01
9.239478e-01
9.335189e-01
8.665031e-01
9.242920e-01
9.525969e-01
9.786358e-01
9.712398e-01
9.641597e-01
9.589814e-01
9.797402e-01
9.613853e-01
9.167268e-01
9.769633e-01
9.579786e-01
9.468042e-01
9.879589e-01
9.681890e-01
8.563529e-01
9.739175e-01
9.601970e-01
9.441716e-01
9.765243e-01
9.790965e-01
9.701988e-01
9.715482e-01
9.647949e-01
9.906380e-01
9.696060e-01
9.618086e-01
9.125273e-01
9.781053e-01
8.233250e-01
8.576883e-01
9.242784e-01
9.222703e-01
9.755990e-01
9.727789e-01
8.839023e-01
9.817640e-01
9.743092e-01
9.722254e-01
9.758016e-01
9.272886e-01
9.639748e-01
9.830649e-01
9.588311e-01
9.455380e-01
9.561480e-01
9.365852e-01
9.499307e-01
9.669784e-01
9.517349e-01
9.443483e-01
9.477074e-01
9.858478e-01
9.814874e-01
9.261283e-01
9.644937e-01
9.541682e-01
9.209080e-01
9.339093e-01
9.667558e-01
9.673493e-01
9.309685e-01
9.696546e-01
9.703942e-01
9.429788e-01
9.423417e-01
9.887920e-01
9.390092e-01
9.116101e-01
9.778552e-01
9.484590e-01
9.766512e-01
9.547478e-01
7.944351e-01
9.646997e-01
9.842966e-01
9.575959e-01
9.664917e-01
9.684311e-01
9.770877e-01
9.432554e-01
9.822006e-01
9.421532e-01
9.515770e-01
9.851569e-01
9.805867e-01
9.445425e-01
9.875873e-01
9.324702e-01
9.784743e-01
9.559817e-01
9.740201e-01
9.467743e-01
9.538423e-01
9.761473e-01
9.677747e-01
9.437931e-01
9.641862e-01
9.169219e-01
9.680510e-01
9.697294e-01
9.629650e-01
9.721472e-01
9.746805e-01
9.653144e-01
9.430058e-01
9.363594e-01
9.754350e-01
9.846139e-01
9.579315e-01
9.828241e-01
9.658446e-01
9.672361e-01
9.497807e-01
9.545176e-01
9.730629e-01
9.537989e-01
9.232867e-01
9.813108e-01
9.817245e-01
9.753121e-01
9.766251e-01
9.299282e-01
9.779014e-01
9.565475e-01
9.763463e-01
9.448437e-01
9.354446e-01
9.825785e-01
9.776429e-01
9.418315e-01
9.705585e-01
9.759393e-01
9.708300e-01
9.583735e-01
9.788868e-01
9.542247e-01
9.600201e-01
9.665614e-01
9.734171e-01
9.516380e-01
8.801546e-01
9.449483e-01
9.679153e-01
9.814009e-01
9.616684e-01
9.751933e-01
9.764981e-01
9.571242e-01
9.664159e-01
9.669329e-01
9.557689e-01
9.765024e-01
9.547674e-01
9.372954e-01
9.613977e-01
9.825612e-01
9.309886e-01
9.523851e-01
9.807260e-01
9.463996e-01
9.645657e-01
9.828887e-01
9.814938e-01
9.795359e-01
9.794417e-01
9.602142e-01
9.775530e-01
9.659305e-01
9.769606e-01
9.156913e-01
9.559935e-01
9.769545e-01
9.421063e-01
9.786487e-01
9.440255e-01
9.754917e-01
9.572358e-01
9.567949e-01
9.506898e-01
9.810612e-01
9.547836e-01
9.275512e-01
9.714920e-01
9.324076e-01
9.728445e-01
9.726978e-01
8.978350e-01
9.492862e-01
9.754887e-01
9.543084e-01
9.856922e-01
9.548474e-01
9.699315e-01
9.665130e-01
9.752457e-01
9.231522e-01
9.142797e-01
9.719140e-01
9.464415e-01
9.638759e-01
9.673185e-01
9.653936e-01
9.573240e-01
9.549498e-01
8.828299e-01
9.245697e-01
9.414166e-01
9.601287e-01
9.253969e-01
9.752865e-01
9.579891e-01
9.470912e-01
9.371421e-01
9.829219e-01
8.786442e-01
9.572420e-01
9.613098e-01
9.504174e-01
9.821729e-01
9.352915e-01
9.591877e-01
9.706198e-01
9.679087e-01
9.819820e-01
9.058876e-01
9.307026e-01
9.374522e-01
9.569286e-01
9.333327e-01
9.875798e-01
9.588633e-01
9.412503e-01
9.465680e-01
9.810610e-01
9.898640e-01
9.602329e-01
9.583991e-01
9.740827e-01
9.186481e-01
9.799928e-01
9.441359e-01
9.723599e-01
9.438567e-01
9.138632e-01
9.469508e-01
9.587928e-01
9.598174e-01
9.460357e-01
9.665890e-01
9.646630e-01
9.774881e-01
9.635989e-01
8.945457e-01
9.793715e-01
9.560048e-01
9.894794e-01
9.424545e-01
9.737420e-01
9.728852e-01
9.507395e-01
9.375187e-01
9.315770e-01
9.144895e-01
9.714311e-01
9.381283e-01
9.370678e-01
9.568284e-01
9.873881e-01
9.878104e-01
9.616183e-01
9.845490e-01
9.553011e-01
9.812235e-01
9.056848e-01
9.873602e-01
9.796414e-01
9.518615e-01
9.633577e-01
8.941186e-01
9.516425e-01
9.630442e-01
9.773289e-01
9.874341e-01
9.663823e-01
9.255399e-01
9.656937e-01
9.788016e-01
9.847585e-01
9.488317e-01
9.544797e-01
9.459714e-01
9.724189e-01
9.405168e-01
9.188079e-01
8.727522e-01
9.810514e-01
9.756411e-01
9.243786e-01
9.433143e-01
9.734579e-01
9.651775e-01
9.523318e-01
9.818815e-01
9.237129e-01
9.208549e-01
9.458168e-01
9.833730e-01
9.884575e-01
9.894746e-01
9.798024e-01
9.473925e-01
9.228891e-01
9.184687e-01
9.281025e-01
9.743398e-01
9.459401e-01
9.415164e-01
9.587626e-01
9.591467e-01
9.867115e-01
9.809851e-01
9.761317e-01
9.764927e-01
9.919121e-01
9.238580e-01
8.894250e-01
9.362987e-01
9.730701e-01
9.617228e-01
9.761614e-01
9.533763e-01
9.805519e-01
9.666778e-01
9.110014e-01
9.565390e-01
9.671479e-01
9.195665e-01
9.699829e-01
9.881829e-01
9.744744e-01
9.680789e-01
9.244217e-01
9.778764e-01
9.675844e-01
9.427146e-01
