9.692202e-01
9.746063e-01
9.699378e-01
9.582559e-01
9.665652e-01
8.902053e-01
9.539968e-01
9.620051e-01
9.819307e-01
9.886697e-01
9.712998e-01
9.762845e-01
9.763198e-01
9.759712e-01
9.649729e-01
9.773045e-01
9.670233e-01
9.648882e-01
9.842908e-01
9.575067e-01
9.729663e-01
9.713654e-01
9.830496e-01
9.415700e-01
9.800849e-01
9.834033e-01
9.841949e-01
9.720679e-01
9.650864e-01
9.605210e-01
9.655125e-01
9.879262e-01
9.782480e-01
9.716612e-01
9.636135e-01
9.745198e-01
9.720520e-01
9.893179e-01
9.777482e-01
9.780761e-01
9.746165e-01
9.796099e-01
9.784367e-01
9.868857e-01
9.767370e-01
8.532103e-01
9.482973e-01
9.731132e-01
9.694722e-01
9.760535e-01
9.646202e-01
9.706300e-01
9.763146e-01
9.670225e-01
9.688594e-01
9.718109e-01
9.731178e-01
9.537049e-01
9.851712e-01
9.257926e-01
9.279299e-01
9.936900e-01
9.777379e-01
9.627115e-01
9.839722e-01
9.689852e-01
9.906880e-01
9.885875e-01
9.826936e-01
9.505179e-01
9.486543e-01
9.604122e-01
9.740104e-01
9.775900e-01
9.651889e-01
9.748563e-01
9.697694e-01
9.885709e-01
9.687056e-01
9.740407e-01
9.421518e-01
9.836366e-01
9.831110e-01
9.649167e-01
9.809197e-01
9.303217e-01
9.748353e-01
9.876202e-01
9.705492e-01
9.782866e-01
9.907793e-01
9.803784e-01
9.640387e-01
9.734704e-01
9.717817e-01
9.818079e-01
9.699568e-01
9.541475e-01
9.517106e-01
9.702031e-01
9.699701e-01
9.653715e-01
9.715100e-01
9.560825e-01
9.834308e-01
9.650351e-01
9.857272e-01
9.818334e-01
9.662173e-01
9.448309e-01
9.747563e-01
9.411936e-01
9.682606e-01
9.812266e-01
9.839384e-01
9.674764e-01
9.774719e-01
9.673171e-01
9.432851e-01
9.645693e-01
9.580202e-01
9.777736e-01
9.813619e-01
9.648400e-01
9.634305e-01
9.635186e-01
9.726025e-01
9.461679e-01
9.558287e-01
9.819944e-01
9.890676e-01
9.879533e-01
9.602121e-01
9.361221e-01
9.753634e-01
9.772798e-01
9.688151e-01
9.880596e-01
9.701667e-01
9.724047e-01
9.708532e-01
9.650740e-01
9.783021e-01
9.698144e-01
9.579644e-01
9.827529e-01
9.757526e-01
9.670080e-01
9.503882e-01
9.690490e-01
9.202909e-01
9.711572e-01
9.662846e-01
9.629594e-01
9.799527e-01
9.653508e-01
9.770500e-01
9.504553e-01
9.458094e-01
9.716108e-01
9.626185e-01
9.595066e-01
9.839576e-01
9.626278e-01
9.542973e-01
9.592244e-01
9.808353e-01
9.577189e-01
9.444513e-01
9.739922e-01
9.751956e-01
9.792812e-01
9.747250e-01
9.613811e-01
9.843656e-01
9.664888e-01
9.198799e-01
9.655708e-01
9.889433e-01
9.488259e-01
9.653613e-01
9.721145e-01
9.738596e-01
9.710629e-01
9.827821e-01
9.753077e-01
9.752575e-01
9.771614e-01
9.769926e-01
9.389364e-01
9.709934e-01
9.884397e-01
9.847873e-01
9.809191e-01
9.624522e-01
9.845085e-01
9.755383e-01
9.853423e-01
9.523286e-01
9.614756e-01
9.879093e-01
9.604780e-01
9.740914e-01
9.710409e-01
9.674982e-01
9.595740e-01
9.529118e-01
9.837076e-01
9.718727e-01
9.779383e-01
9.874182e-01
9.724592e-01
9.729939e-01
9.479050e-01
9.636864e-01
9.555395e-01
9.783226e-01
9.842442e-01
9.610581e-01
9.841835e-01
9.818777e-01
9.760014e-01
9.757576e-01
9.603229e-01
9.922929e-01
9.887583e-01
9.652204e-01
9.624968e-01
9.662378e-01
9.640811e-01
9.702327e-01
9.589520e-01
9.828891e-01
9.828929e-01
9.566564e-01
9.779933e-01
9.662777e-01
9.823240e-01
9.835256e-01
9.641850e-01
9.599316e-01
9.846109e-01
9.793538e-01
9.698961e-01
9.667975e-01
9.722306e-01
9.648222e-01
9.804576e-01
9.585537e-01
9.634933e-01
9.812441e-01
9.861334e-01
9.611750e-01
9.457497e-01
9.607530e-01
9.690445e-01
9.860806e-01
9.854716e-01
9.343104e-01
9.630745e-01
9.569417e-01
9.198544e-01
9.481009e-01
9.560532e-01
9.781800e-01
9.784806e-01
9.427641e-01
9.785906e-01
9.667500e-01
9.661200e-01
9.654945e-01
9.690708e-01
9.594506e-01
9.896618e-01
9.832406e-01
8.797573e-01
9.424125e-01
9.722922e-01
9.837449e-01
9.621848e-01
9.684947e-01
9.691518e-01
9.798231e-01
9.574726e-01
9.804945e-01
9.842186e-01
9.578512e-01
9.564373e-01
9.859000e-01
9.729131e-01
9.712218e-01
9.542924e-01
9.369731e-01
9.414429e-01
9.685997e-01
9.708897e-01
9.654186e-01
9.748359e-01
9.488437e-01
9.836791e-01
9.588131e-01
9.867087e-01
9.652261e-01
9.829224e-01
9.498561e-01
9.592021e-01
9.616003e-01
9.692667e-01
9.725379e-01
9.835102e-01
9.780818e-01
9.342349e-01
9.779603e-01
9.681246e-01
9.825806e-01
9.657846e-01
9.558702e-01
9.493262e-01
9.738488e-01
9.828792e-01
9.592507e-01
9.807026e-01
9.610923e-01
9.523806e-01
9.677668e-01
9.718060e-01
9.670262e-01
9.283457e-01
9.717910e-01
9.722143e-01
9.615149e-01
9.887153e-01
9.639956e-01
9.517093e-01
9.579083e-01
9.812279e-01
9.626332e-01
9.761320e-01
9.422032e-01
9.655549e-01
9.749830e-01
9.717685e-01
9.811634e-01
9.746768e-01
9.376696e-01
9.802069e-01
9.750757e-01
9.580325e-01
9.865822e-01
9.756744e-01
9.675970e-01
9.593314e-01
9.869382e-01
9.840183e-01
9.777350e-01
9.839075e-01
9.860601e-01
9.662305e-01
9.770194e-01
9.754256e-01
9.594739e-01
9.762572e-01
9.800615e-01
9.711094e-01
9.820962e-01
9.763767e-01
9.867006e-01
9.637432e-01
9.742203e-01
9.667418e-01
9.871048e-01
9.722178e-01
9.675672e-01
9.682942e-01
9.627813e-01
9.778692e-01
9.637735e-01
9.675337e-01
9.939005e-01
9.788847e-01
9.613500e-01
9.937179e-01
9.614570e-01
9.877324e-01
9.785421e-01
9.826873e-01
9.649041e-01
9.805916e-01
9.698745e-01
9.604439e-01
9.530307e-01
9.472315e-01
9.718859e-01
9.701310e-01
9.361281e-01
9.617400e-01
9.898719e-01
9.690408e-01
9.928339e-01
9.780669e-01
9.862248e-01
9.637181e-01
9.896778e-01
9.632472e-01
9.346789e-01
9.750004e-01
9.773756e-01
9.646364e-01
9.665504e-01
9.663520e-01
9.126200e-01
9.871826e-01
9.022271e-01
9.292451e-01
9.874800e-01
9.727220e-01
9.800218e-01
9.701712e-01
9.907541e-01
9.582877e-01
9.771883e-01
9.824252e-01
9.729477e-01
9.458257e-01
9.705560e-01
9.638800e-01
9.742009e-01
9.830005e-01
9.458625e-01
9.626874e-01
9.772598e-01
9.787416e-01
9.826874e-01
9.605807e-01
9.858984e-01
9.566322e-01
9.645236e-01
9.660928e-01
9.688673e-01
9.810159e-01
9.713825e-01
9.865474e-01
9.751333e-01
9.852658e-01
9.566869e-01
9.314270e-01
9.766231e-01
9.195931e-01
9.793631e-01
8.588374e-01
9.628764e-01
9.781478e-01
9.767154e-01
9.374933e-01
9.575247e-01
9.825161e-01
9.714740e-01
9.656169e-01
9.797385e-01
9.264623e-01
9.640249e-01
9.762210e-01
9.703406e-01
9.605364e-01
9.803558e-01
9.706560e-01
9.821451e-01
9.807291e-01
9.617633e-01
9.844895e-01
9.705018e-01
9.847482e-01
9.369306e-01
9.749722e-01
9.544863e-01
9.803301e-01
9.867557e-01
9.636130e-01
9.883754e-01
9.742179e-01
9.706230e-01
9.762503e-01
9.753911e-01
9.790675e-01
9.817369e-01
9.546984e-01
9.652289e-01
9.810552e-01
9.778376e-01
9.821185e-01
9.581826e-01
9.808625e-01
9.835154e-01
9.737099e-01
9.804264e-01
9.749469e-01
9.472114e-01
9.753193e-01
9.783802e-01
9.738855e-01
9.464469e-01
9.820675e-01
9.262645e-01
9.320013e-01
9.847957e-01
9.557925e-01
9.528377e-01
9.796137e-01
9.874089e-01
9.782683e-01
9.653267e-01
9.615645e-01
9.737267e-01
9.488310e-01
9.646048e-01
9.745186e-01
9.297659e-01
9.885467e-01
9.925805e-01
9.805110e-01
9.455186e-01
9.273826e-01
9.583780e-01
9.580862e-01
9.800824e-01
9.820724e-01
9.692435e-01
9.823418e-01
9.764559e-01
9.620418e-01
9.867810e-01
9.592505e-01
9.444088e-01
9.840963e-01
9.730014e-01
9.698490e-01
9.835156e-01
9.410067e-01
9.894991e-01
9.816839e-01
9.679153e-01
9.499701e-01
9.571140e-01
9.711993e-01
9.610924e-01
9.741066e-01
9.601166e-01
9.791397e-01
9.702794e-01
9.817984e-01
9.557640e-01
9.530980e-01
9.708594e-01
9.752368e-01
9.875242e-01
9.444665e-01
9.830321e-01
9.699789e-01
9.827320e-01
9.591681e-01
9.821369e-01
9.560173e-01
9.815417e-01
9.455168e-01
9.666933e-01
9.312840e-01
9.598738e-01
9.883836e-01
9.724012e-01
9.612670e-01
9.699361e-01
9.580739e-01
9.894836e-01
9.720933e-01
9.731435e-01
9.504268e-01
9.731936e-01
9.817601e-01
9.529871e-01
9.727879e-01
9.732154e-01
9.718803e-01
9.839905e-01
9.784981e-01
9.637245e-01
8.877667e-01
9.652150e-01
9.884573e-01
9.851807e-01
9.828476e-01
9.727634e-01
9.844316e-01
9.888708e-01
9.303149e-01
9.891795e-01
9.628752e-01
9.740581e-01
9.463337e-01
9.716467e-01
9.605124e-01
9.414955e-01
9.769013e-01
9.868120e-01
9.808131e-01
9.692618e-01
9.326664e-01
9.753534e-01
9.631443e-01
9.647806e-01
9.897423e-01
9.715868e-01
9.703153e-01
9.872319e-01
9.652826e-01
9.707315e-01
9.669804e-01
9.788093e-01
9.452910e-01
9.443006e-01
9.768003e-01
9.860509e-01
9.779102e-01
9.399301e-01
9.556169e-01
9.652846e-01
9.901317e-01
9.669414e-01
9.432767e-01
9.659814e-01
9.839469e-01
9.765712e-01
9.841944e-01
9.897675e-01
9.730729e-01
9.843467e-01
9.803622e-01
9.583788e-01
9.293705e-01
9.732959e-01
9.636792e-01
9.829183e-01
9.543007e-01
9.152487e-01
9.738114e-01
9.541164e-01
9.773082e-01
9.600046e-01
9.814552e-01
9.416005e-01
9.755967e-01
9.629521e-01
9.888534e-01
9.607519e-01
9.845499e-01
9.742890e-01
9.734990e-01
9.723925e-01
9.613844e-01
9.736316e-01
9.419736e-01
9.198870e-01
9.501391e-01
9.776203e-01
9.733843e-01
9.475110e-01
9.750955e-01
9.805435e-01
9.773239e-01
9.505258e-01
9.667292e-01
9.724992e-01
9.815235e-01
9.838112e-01
9.453760e-01
9.533599e-01
9.825819e-01
9.739940e-01
9.881920e-01
9.766571e-01
9.810494e-01
9.891579e-01
9.413262e-01
9.652580e-01
9.744770e-01
9.639827e-01
9.813526e-01
9.805962e-01
9.884843e-01
9.706259e-01
9.674565e-01
9.384611e-01
9.824286e-01
9.850601e-01
9.645663e-01
9.857067e-01
9.883236e-01
9.770066e-01
9.785593e-01
9.854429e-01
9.746352e-01
9.761782e-01
9.714206e-01
9.647390e-01
9.753396e-01
9.820903e-01
9.817311e-01
9.920939e-01
9.710960e-01
9.770247e-01
9.783280e-01
9.849594e-01
9.698816e-01
9.737110e-01
9.734115e-01
9.616669e-01
9.408767e-01
9.553748e-01
9.555629e-01
9.830684e-01
9.533332e-01
9.514077e-01
9.552646e-01
9.810759e-01
9.806700e-01
9.649496e-01
9.160433e-01
9.617889e-01
9.523038e-01
9.772811e-01
9.782193e-01
9.860326e-01
9.698552e-01
9.801243e-01
9.584525e-01
9.832950e-01
9.711517e-01
9.753747e-01
9.897467e-01
9.791408e-01
9.736826e-01
9.699264e-01
9.733719e-01
9.615755e-01
9.676780e-01
9.572153e-01
9.733795e-01
9.842552e-01
9.869122e-01
9.554841e-01
9.803549e-01
9.826063e-01
9.892513e-01
9.629548e-01
9.543969e-01
9.721120e-01
9.666598e-01
9.576158e-01
9.573036e-01
9.796581e-01
9.767816e-01
9.841213e-01
9.755270e-01
9.864167e-01
9.296424e-01
9.432869e-01
9.601802e-01
9.418957e-01
9.830403e-01
9.603012e-01
9.494529e-01
9.878955e-01
9.821821e-01
9.731070e-01
9.926657e-01
9.837962e-01
9.727869e-01
9.897711e-01
9.633506e-01
9.594026e-01
9.801480e-01
9.530634e-01
9.870075e-01
9.533768e-01
9.759447e-01
9.820065e-01
9.554140e-01
9.653771e-01
9.719409e-01
9.802444e-01
9.474125e-01
9.324218e-01
9.738591e-01
9.011545e-01
9.506859e-01
9.787513e-01
9.868391e-01
9.711677e-01
9.738152e-01
9.712222e-01
9.334804e-01
9.818252e-01
9.587670e-01
9.833838e-01
9.861867e-01
9.795208e-01
9.653028e-01
9.423156e-01
9.895767e-01
9.801062e-01
9.134762e-01
9.684407e-01
9.533761e-01
9.801546e-01
9.840378e-01
9.330307e-01
9.912517e-01
9.546524e-01
9.651150e-01
9.796566e-01
9.836635e-01
9.733618e-01
9.585767e-01
9.715098e-01
9.712476e-01
9.538052e-01
9.498740e-01
9.754856e-01
9.800186e-01
9.654232e-01
9.780392e-01
9.815168e-01
9.671620e-01
9.713518e-01
9.483928e-01
9.902470e-01
9.624197e-01
9.785203e-01
9.773135e-01
9.810635e-01
9.814724e-01
9.627584e-01
9.505404e-01
9.752863e-01
9.014780e-01
9.282206e-01
9.762768e-01
9.749111e-01
9.621215e-01
9.680210e-01
9.601599e-01
9.551078e-01
9.718449e-01
9.750928e-01
9.605185e-01
9.828838e-01
9.731145e-01
9.673783e-01
9.666001e-01
9.836452e-01
9.831549e-01
9.780825e-01
9.200556e-01
9.752700e-01
9.742260e-01
9.543891e-01
9.912858e-01
9.508114e-01
9.717564e-01
9.482725e-01
8.647983e-01
9.505568e-01
9.737719e-01
9.474949e-01
9.039152e-01
9.805501e-01
9.528336e-01
9.839625e-01
9.679675e-01
9.749093e-01
9.681679e-01
9.502648e-01
9.426887e-01
9.849456e-01
9.861753e-01
9.711158e-01
9.762987e-01
9.821348e-01
9.607231e-01
9.411505e-01
9.510245e-01
9.794878e-01
9.292661e-01
9.753634e-01
9.435234e-01
9.884605e-01
9.619614e-01
9.102903e-01
9.807735e-01
9.699318e-01
9.781501e-01
9.821247e-01
9.758222e-01
9.422368e-01
9.143600e-01
9.752231e-01
9.644517e-01
9.834187e-01
9.791865e-01
9.802085e-01
9.496604e-01
9.800736e-01
9.611855e-01
9.832872e-01
9.800591e-01
9.506726e-01
9.711920e-01
9.855243e-01
9.780845e-01
9.389710e-01
9.725173e-01
9.500152e-01
9.745885e-01
9.912299e-01
9.632227e-01
9.815305e-01
9.890091e-01
9.628212e-01
9.718099e-01
9.655220e-01
9.629830e-01
9.508610e-01
9.773579e-01
9.281497e-01
9.699932e-01
9.340729e-01
9.882277e-01
9.700585e-01
9.439902e-01
9.550679e-01
9.536137e-01
9.640561e-01
9.759572e-01
9.403647e-01
9.780517e-01
9.810736e-01
9.381681e-01
9.843889e-01
9.787555e-01
9.641695e-01
9.581282e-01
9.740593e-01
9.868938e-01
9.664894e-01
9.560838e-01
9.585576e-01
9.722149e-01
9.761323e-01
9.581311e-01
9.067830e-01
9.655769e-01
9.550348e-01
9.751222e-01
9.485763e-01
9.701470e-01
9.678821e-01
9.009229e-01
9.819122e-01
9.434734e-01
9.722512e-01
9.589428e-01
9.831015e-01
9.926502e-01
9.546908e-01
9.852088e-01
9.329170e-01
9.773619e-01
9.713654e-01
9.795355e-01
9.804862e-01
9.246990e-01
9.158982e-01
9.480922e-01
9.670930e-01
9.629240e-01
9.744345e-01
9.781948e-01
9.802420e-01
9.705390e-01
9.812867e-01
9.777708e-01
9.752145e-01
9.684129e-01
9.700920e-01
9.570128e-01
9.483369e-01
9.775551e-01
9.796902e-01
9.822882e-01
9.768654e-01
9.164461e-01
9.781616e-01
9.798260e-01
9.240570e-01
9.557528e-01
9.879041e-01
9.727090e-01
9.472597e-01
9.365338e-01
9.866287e-01
9.633966e-01
9.568649e-01
9.751704e-01
9.811979e-01
9.778203e-01
9.669830e-01
9.665014e-01
9.799799e-01
9.762730e-01
9.420252e-01
9.779690e-01
9.878718e-01
9.630644e-01
9.379056e-01
9.271498e-01
9.803479e-01
9.852502e-01
9.795506e-01
9.643309e-01
9.813217e-01
9.340348e-01
9.903483e-01
9.724777e-01
9.629703e-01
9.895172e-01
9.766398e-01
9.368543e-01
9.774611e-01
9.537518e-01
9.634304e-01
9.798949e-01
9.671880e-01
9.444738e-01
9.723287e-01
9.832940e-01
9.771037e-01
9.697174e-01
9.815650e-01
9.269646e-01
9.864174e-01
9.668526e-01
9.560255e-01
9.405984e-01
9.758602e-01
9.830663e-01
9.612840e-01
9.416717e-01
9.431028e-01
9.739185e-01
9.771615e-01
9.834537e-01
9.769328e-01
9.865318e-01
9.728517e-01
9.687199e-01
9.320018e-01
9.454487e-01
9.841172e-01
9.780316e-01
9.740472e-01
9.861770e-01
9.819660e-01
9.727462e-01
9.789332e-01
9.854279e-01
9.797689e-01
9.725713e-01
9.789923e-01
9.765328e-01
9.529707e-01
9.388365e-01
9.810529e-01
9.046341e-01
9.589983e-01
9.852678e-01
9.667688e-01
9.805007e-01
9.686787e-01
9.843817e-01
9.601046e-01
9.740920e-01
9.717097e-01
9.858316e-01
9.721388e-01
9.841595e-01
9.703818e-01
9.534121e-01
9.863070e-01
9.551757e-01
9.866126e-01
9.819238e-01
9.809533e-01
9.842860e-01
9.210839e-01
9.831122e-01
9.593377e-01
9.726605e-01
9.757236e-01
9.097218e-01
9.636545e-01
9.799475e-01
9.857119e-01
9.872425e-01
9.818863e-01
9.643612e-01
9.696009e-01
9.775079e-01
9.612580e-01
9.640002e-01
9.615995e-01
9.900776e-01
9.512773e-01
9.226294e-01
9.197097e-01
9.689724e-01
9.679044e-01
9.842703e-01
9.576552e-01
9.699771e-01
9.641637e-01
9.817246e-01
9.669530e-01
9.745027e-01
9.784401e-01
9.757706e-01
9.600439e-01
9.697816e-01
9.888011e-01
9.132512e-01
9.579311e-01
9.646131e-01
9.804318e-01
9.717621e-01
9.739604e-01
9.727128e-01
9.819664e-01
9.617675e-01
9.726134e-01
9.384990e-01
9.811588e-01
9.622889e-01
9.850708e-01
9.275433e-01
9.815635e-01
9.908724e-01
9.473671e-01
9.590175e-01
9.845433e-01
9.873504e-01
9.743730e-01
9.632181e-01
9.340911e-01
9.736683e-01
9.715183e-01
9.752647e-01
9.607541e-01
9.500010e-01
9.530453e-01
9.611863e-01
9.759231e-01
9.756067e-01
9.738050e-01
9.548696e-01
9.340727e-01
9.746232e-01
9.855413e-01
9.700983e-01
9.885545e-01
9.734242e-01
9.685130e-01
9.324946e-01
9.751285e-01
9.835006e-01
9.550665e-01
9.754243e-01
9.715778e-01
9.664695e-01
9.564547e-01
9.618838e-01
9.447904e-01
9.859598e-01
9.739488e-01
9.737519e-01
9.668919e-01
9.701644e-01
9.615653e-01
9.872532e-01
9.693178e-01
9.768898e-01
9.542864e-01
9.731794e-01
9.815889e-01
9.772160e-01
8.952138e-01
9.564472e-01
9.725009e-01
9.899072e-01
9.557987e-01
9.889969e-01
9.393657e-01
9.865226e-01
8.937535e-01
9.781114e-01
9.649403e-01
9.512840e-01
9.477392e-01
9.867288e-01
9.874918e-01
9.588229e-01
9.685197e-01
9.627501e-01
9.707393e-01
9.814737e-01
9.804553e-01
9.795245e-01
9.533607e-01
9.698859e-01
9.914512e-01
9.489926e-01
9.308592e-01
9.629312e-01
9.720620e-01
9.771063e-01
9.819086e-01
9.775193e-01
9.850596e-01
9.836874e-01
9.810164e-01
9.418706e-01
9.604322e-01
9.471179e-01
9.787954e-01
9.813891e-01
9.457878e-01
9.815961e-01
9.432966e-01
9.548402e-01
9.781241e-01
9.909006e-01
9.869237e-01
9.682786e-01
9.538916e-01
8.958062e-01
9.589153e-01
9.917517e-01
9.070204e-01
9.793457e-01
9.795086e-01
9.628153e-01
9.322678e-01
9.853108e-01
9.673813e-01
9.737308e-01
9.809015e-01
9.702502e-01
9.586197e-01
9.443227e-01
9.858330e-01
9.753506e-01
9.573737e-01
9.835410e-01
9.403652e-01
9.761736e-01
9.690531e-01
9.637226e-01
9.690752e-01
9.489387e-01
9.742041e-01
9.611950e-01
9.627314e-01
9.883340e-01
9.462615e-01
9.759407e-01
9.825324e-01
9.589497e-01
9.914741e-01
9.908796e-01
9.428468e-01
9.643629e-01
8.933285e-01
9.619120e-01
9.865718e-01
9.888585e-01
9.699809e-01
9.732871e-01
8.841037e-01
9.868730e-01
9.828641e-01
9.905402e-01
9.733446e-01
9.785402e-01
9.594646e-01
9.552722e-01
9.854117e-01
9.835235e-01
9.724246e-01
9.759971e-01
9.722633e-01
9.508457e-01
9.748453e-01
9.530168e-01
9.648992e-01
9.802149e-01
9.761354e-01
9.656163e-01
9.711706e-01
9.737874e-01
9.800572e-01
9.750125e-01
9.472493e-01
9.808719e-01
9.670852e-01
9.777654e-01
9.579419e-01
9.572520e-01
9.876879e-01
9.826159e-01
9.640884e-01
9.366538e-01
9.790953e-01
9.541388e-01
9.829237e-01
9.824804e-01
9.571884e-01
8.848800e-01
9.526469e-01
9.804976e-01
9.660513e-01
9.812535e-01
9.706228e-01
9.735581e-01
9.607335e-01
9.626746e-01
9.828727e-01
9.648841e-01
9.648926e-01
9.312176e-01
9.530911e-01
9.694228e-01
9.547684e-01
9.801300e-01
9.611670e-01
9.782114e-01
9.352068e-01
9.166796e-01
9.303155e-01
9.760877e-01
9.826760e-01
9.680374e-01
9.623669e-01
9.786919e-01
9.380321e-01
9.823461e-01
9.584470e-01
9.840209e-01
9.700588e-01
9.734241e-01
9.664512e-01
9.756236e-01
9.794382e-01
9.385642e-01
9.603148e-01
9.663336e-01
9.757046e-01
9.280479e-01
9.631597e-01
9.625868e-01
9.027036e-01
9.703820e-01
9.679743e-01
9.184757e-01
9.795944e-01
9.857132e-01
9.721115e-01
9.844036e-01
9.832865e-01
9.739986e-01
9.244791e-01
8.861025e-01
9.810291e-01
9.619158e-01
9.573471e-01
8.935702e-01
9.837429e-01
9.631027e-01
9.835915e-01
8.705267e-01
9.683057e-01
9.775627e-01
9.744387e-01
9.637074e-01
9.493747e-01
9.692926e-01
9.559464e-01
9.486398e-01
9.771168e-01
9.847491e-01
9.622929e-01
9.781339e-01
9.811162e-01
9.700525e-01
9.700955e-01
9.821197e-01
9.638912e-01
9.404384e-01
9.551631e-01
9.630092e-01
9.716659e-01
9.374973e-01
9.780691e-01
9.667522e-01
9.537882e-01
9.507972e-01
9.656045e-01
9.729665e-01
9.795099e-01
9.802176e-01
9.479373e-01
9.847386e-01
9.574711e-01
9.867111e-01
9.683750e-01
9.627902e-01
9.835206e-01
9.745959e-01
9.870960e-01
9.696252e-01
9.811588e-01
9.727612e-01
9.680335e-01
9.904455e-01
8.884877e-01
9.503015e-01
9.756756e-01
9.746515e-01
9.632001e-01
9.800768e-01
9.228171e-01
9.831448e-01
9.549947e-01
9.671155e-01
9.818126e-01
9.787600e-01
9.286625e-01
9.723973e-01
9.450754e-01
9.508696e-01
9.713947e-01
9.881800e-01
9.531809e-01
9.752516e-01
9.698245e-01
9.633458e-01
9.831381e-01
9.334295e-01
9.605442e-01
9.826595e-01
9.747033e-01
9.644606e-01
9.755767e-01
9.707472e-01
9.898072e-01
9.412541e-01
9.596803e-01
9.733700e-01
9.610032e-01
9.811720e-01
9.634894e-01
9.811184e-01
9.588485e-01
9.661216e-01
9.807256e-01
9.753099e-01
9.803569e-01
9.775910e-01
9.836553e-01
9.804016e-01
9.740725e-01
9.718739e-01
9.584520e-01
9.832171e-01
9.898158e-01
9.794642e-01
9.818393e-01
9.613621e-01
9.682610e-01
9.926263e-01
9.773295e-01
9.695620e-01
9.465183e-01
9.822791e-01
9.799834e-01
9.172467e-01
9.154132e-01
9.529115e-01
9.626816e-01
9.868008e-01
9.862631e-01
9.879894e-01
9.426601e-01
9.681312e-01
9.575012e-01
9.551046e-01
9.766702e-01
9.564907e-01
9.696437e-01
9.874893e-01
9.832939e-01
9.841489e-01
9.600759e-01
9.781602e-01
9.507080e-01
9.078687e-01
9.633557e-01
9.566067e-01
9.677035e-01
9.847412e-01
9.609234e-01
8.900033e-01
9.565714e-01
9.781195e-01
9.790283e-01
9.874244e-01
9.673975e-01
9.655784e-01
9.729773e-01
9.599736e-01
9.861506e-01
9.744122e-01
9.638780e-01
9.834091e-01
9.923991e-01
9.609599e-01
9.439108e-01
9.584087e-01
9.643566e-01
9.712047e-01
9.674128e-01
9.444876e-01
9.663377e-01
9.645901e-01
9.693845e-01
9.516892e-01
9.597821e-01
9.645116e-01
9.719745e-01
9.838534e-01
9.848106e-01
9.830289e-01
9.870985e-01
9.893337e-01
9.603298e-01
9.497248e-01
9.731063e-01
9.814811e-01
9.412524e-01
9.426482e-01
9.713108e-01
9.795551e-01
9.773811e-01
9.729076e-01
9.439032e-01
9.309427e-01
9.886277e-01
9.560675e-01
9.622311e-01
9.826362e-01
9.629284e-01
9.717808e-01
9.698164e-01
9.842926e-01
9.510733e-01
9.716916e-01
9.719346e-01
9.796551e-01
9.891477e-01
9.943445e-01
9.471284e-01
9.331469e-01
9.025562e-01
9.763206e-01
9.836166e-01
9.628988e-01
9.383087e-01
9.767128e-01
9.685118e-01
9.866357e-01
9.806346e-01
9.814182e-01
9.397185e-01
9.762345e-01
9.597135e-01
9.431656e-01
9.678234e-01
9.786095e-01
9.318922e-01
9.349652e-01
9.732433e-01
9.799491e-01
9.430421e-01
9.427829e-01
9.703198e-01
9.603631e-01
9.710028e-01
9.879129e-01
9.870329e-01
9.803860e-01
9.849874e-01
9.589563e-01
9.775389e-01
9.772119e-01
9.533710e-01
9.818989e-01
9.655010e-01
9.717521e-01
9.529346e-01
9.827458e-01
9.798223e-01
9.809844e-01
9.709951e-01
9.771468e-01
9.454598e-01
9.584972e-01
9.893522e-01
9.751179e-01
9.840609e-01
9.361560e-01
9.744585e-01
9.884607e-01
9.855984e-01
9.843974e-01
9.729679e-01
9.728606e-01
9.737979e-01
9.781446e-01
9.847114e-01
9.549209e-01
9.708048e-01
9.685756e-01
9.744552e-01
9.784425e-01
9.806067e-01
9.759822e-01
9.726107e-01
9.747005e-01
9.426301e-01
9.145405e-01
9.491808e-01
9.822097e-01
9.593341e-01
9.767457e-01
9.464879e-01
9.925626e-01
9.687034e-01
9.785459e-01
9.496015e-01
9.525857e-01
9.726323e-01
9.592830e-01
9.802312e-01
9.658461e-01
9.458370e-01
9.632039e-01
9.562986e-01
9.512234e-01
9.755092e-01
9.743067e-01
9.107797e-01
9.822042e-01
9.512456e-01
9.818251e-01
9.735571e-01
9.254359e-01
9.662866e-01
9.752537e-01
9.609451e-01
9.551786e-01
9.665924e-01
9.628241e-01
9.775854e-01
9.660199e-01
9.839064e-01
9.463913e-01
9.559828e-01
9.453643e-01
9.236645e-01
9.791303e-01
9.637482e-01
9.791809e-01
9.545867e-01
9.681750e-01
9.482669e-01
9.810029e-01
9.873021e-01
9.870845e-01
9.920629e-01
9.484529e-01
9.710595e-01
9.565653e-01
9.806151e-01
9.860898e-01
9.732418e-01
9.721678e-01
9.735053e-01
9.396541e-01
9.610802e-01
9.590518e-01
9.451475e-01
9.744111e-01
9.750705e-01
9.743429e-01
9.734449e-01
9.873768e-01
9.754708e-01
9.788634e-01
9.837158e-01
9.738389e-01
9.829774e-01
9.616804e-01
9.386055e-01
9.865373e-01
9.142701e-01
9.841547e-01
9.745072e-01
9.401371e-01
9.638644e-01
9.869645e-01
9.582807e-01
9.768629e-01
9.691480e-01
9.805387e-01
9.310443e-01
9.576187e-01
9.731484e-01
9.740843e-01
9.386963e-01
9.830813e-01
9.682040e-01
9.638968e-01
9.505101e-01
9.638491e-01
9.635668e-01
9.406615e-01
9.323319e-01
9.137695e-01
9.833790e-01
9.914237e-01
9.354538e-01
9.696963e-01
9.795992e-01
9.648996e-01
9.866023e-01
9.631628e-01
9.725316e-01
9.551852e-01
9.588499e-01
9.674116e-01
9.744848e-01
9.641263e-01
9.655728e-01
9.840009e-01
9.701044e-01
9.796821e-01
9.833179e-01
9.765699e-01
9.645253e-01
9.722615e-01
9.805892e-01
9.783057e-01
9.556362e-01
9.708296e-01
9.695676e-01
9.751604e-01
9.900130e-01
9.593061e-01
9.738794e-01
9.841278e-01
9.609630e-01
9.147517e-01
9.776479e-01
9.852057e-01
9.644418e-01
9.452170e-01
9.895220e-01
9.166750e-01
8.999562e-01
9.873731e-01
9.771392e-01
9.586430e-01
9.703267e-01
9.834132e-01
9.740089e-01
9.661655e-01
9.787049e-01
9.673414e-01
9.773957e-01
9.566829e-01
9.564319e-01
9.626583e-01
9.745534e-01
9.750591e-01
9.691389e-01
9.837441e-01
9.791985e-01
9.745104e-01
9.907940e-01
9.745789e-01
9.734221e-01
9.791171e-01
9.449661e-01
9.731200e-01
9.651091e-01
9.803738e-01
9.627348e-01
9.792690e-01
9.871374e-01
9.653741e-01
9.711615e-01
9.742911e-01
9.500360e-01
9.756598e-01
9.533899e-01
9.632367e-01
9.576087e-01
9.679255e-01
9.883077e-01
9.635452e-01
9.779533e-01
9.105044e-01
9.415035e-01
8.837876e-01
9.591468e-01
9.450580e-01
9.428574e-01
9.653629e-01
9.692697e-01
9.592992e-01
9.589925e-01
9.353197e-01
9.843590e-01
9.836297e-01
9.704435e-01
9.893765e-01
9.698918e-01
9.643413e-01
9.575233e-01
9.458337e-01
9.797410e-01
9.560373e-01
9.739166e-01
9.881667e-01
9.361819e-01
9.370161e-01
9.119783e-01
9.830579e-01
9.553759e-01
9.548150e-01
9.579356e-01
9.675547e-01
9.120059e-01
9.840048e-01
9.839244e-01
9.731521e-01
9.519418e-01
9.817534e-01
9.521319e-01
9.485729e-01
9.704295e-01
9.678817e-01
9.804214e-01
9.733417e-01
9.856975e-01
9.759088e-01
9.723451e-01
9.725116e-01
9.681985e-01
9.848128e-01
9.854697e-01
9.654285e-01
9.388731e-01
9.798537e-01
9.457158e-01
9.605678e-01
9.749311e-01
9.687248e-01
9.677024e-01
9.508677e-01
9.859743e-01
9.731521e-01
9.804745e-01
9.788514e-01
9.855290e-01
9.859385e-01
9.766638e-01
9.715611e-01
9.684085e-01
9.670182e-01
9.734444e-01
9.794415e-01
9.873636e-01
9.807843e-01
9.478341e-01
9.661588e-01
9.520447e-01
9.824469e-01
9.742085e-01
9.816146e-01
9.586125e-01
9.548921e-01
9.744745e-01
9.778208e-01
9.866231e-01
9.835884e-01
9.710184e-01
9.890213e-01
9.783980e-01
9.761108e-01
9.319674e-01
9.799480e-01
9.717130e-01
9.589699e-01
9.616948e-01
9.897415e-01
9.724765e-01
9.820263e-01
9.812007e-01
9.786921e-01
9.576796e-01
9.541120e-01
9.731162e-01
9.392134e-01
9.649908e-01
9.822162e-01
9.715888e-01
9.761100e-01
9.539673e-01
9.492881e-01
9.760200e-01
9.746359e-01
9.859876e-01
9.879118e-01
9.524744e-01
9.810851e-01
9.584361e-01
9.693620e-01
9.859102e-01
9.776025e-01
9.567432e-01
9.791921e-01
9.133561e-01
9.785234e-01
9.748994e-01
9.856326e-01
9.329181e-01
9.629217e-01
9.733414e-01
9.614497e-01
9.772820e-01
9.764324e-01
8.913501e-01
8.957868e-01
9.641381e-01
9.693224e-01
9.782325e-01
9.626635e-01
9.509894e-01
9.794341e-01
9.587310e-01
9.321800e-01
9.781145e-01
9.577168e-01
9.727512e-01
9.576732e-01
9.708265e-01
9.854296e-01
9.591380e-01
9.805644e-01
9.655457e-01
9.846252e-01
8.814428e-01
9.500965e-01
9.433262e-01
9.515510e-01
9.671546e-01
9.549055e-01
9.729004e-01
9.679540e-01
9.607050e-01
9.832879e-01
9.496790e-01
9.762197e-01
9.676169e-01
9.816704e-01
9.785246e-01
9.807755e-01
9.685336e-01
9.674626e-01
9.675782e-01
9.753954e-01
9.674481e-01
9.903503e-01
9.844103e-01
9.817110e-01
9.712250e-01
9.302869e-01
9.745258e-01
9.838173e-01
9.664245e-01
9.869412e-01
9.944370e-01
9.770568e-01
9.776755e-01
9.823703e-01
9.714752e-01
9.818800e-01
9.825268e-01
9.793131e-01
9.563781e-01
9.033213e-01
9.734605e-01
9.623856e-01
9.776184e-01
9.690171e-01
9.653114e-01
9.809895e-01
9.845321e-01
9.780171e-01
9.746171e-01
9.715954e-01
9.807802e-01
9.670619e-01
9.568998e-01
9.802948e-01
9.724888e-01
9.565639e-01
9.759681e-01
9.709184e-01
9.879954e-01
9.558115e-01
9.429178e-01
9.668009e-01
9.904508e-01
9.516102e-01
9.822378e-01
9.463501e-01
9.775572e-01
9.819143e-01
9.567673e-01
8.705668e-01
9.842168e-01
9.717712e-01
9.591064e-01
9.754824e-01
9.485510e-01
9.722373e-01
9.425689e-01
9.802868e-01
9.756575e-01
9.615367e-01
9.765559e-01
9.791070e-01
9.707861e-01
9.678621e-01
9.605432e-01
9.702400e-01
9.838335e-01
9.743314e-01
9.612400e-01
9.605791e-01
9.539734e-01
9.765210e-01
9.430920e-01
9.849509e-01
9.648599e-01
9.790291e-01
9.613618e-01
9.791672e-01
9.880870e-01
9.899001e-01
9.782203e-01
9.855402e-01
8.976547e-01
9.417952e-01
9.806966e-01
9.725347e-01
9.628960e-01
9.687896e-01
9.702035e-01
9.863614e-01
9.327913e-01
9.775317e-01
9.800807e-01
9.725376e-01
9.447656e-01
9.778305e-01
9.826282e-01
9.874478e-01
9.482957e-01
9.673832e-01
9.768135e-01
9.492225e-01
9.815207e-01
9.776913e-01
9.570408e-01
9.794798e-01
9.818517e-01
9.570337e-01
9.792250e-01
8.870743e-01
9.630245e-01
9.677619e-01
9.841933e-01
9.706176e-01
9.866950e-01
9.320726e-01
9.242554e-01
9.795110e-01
9.696152e-01
9.689887e-01
9.717878e-01
9.035107e-01
9.803997e-01
9.825157e-01
9.781877e-01
9.545464e-01
9.323991e-01
9.814286e-01
9.750030e-01
9.199318e-01
9.676632e-01
9.517179e-01
9.471044e-01
9.523596e-01
9.257727e-01
9.769350e-01
9.860666e-01
9.727575e-01
9.862060e-01
9.859188e-01
9.662712e-01
9.826560e-01
9.839505e-01
9.912774e-01
9.358082e-01
9.751240e-01
9.745177e-01
9.593273e-01
9.699512e-01
9.795285e-01
9.565184e-01
9.732811e-01
9.731394e-01
9.009648e-01
9.469859e-01
9.888658e-01
9.388901e-01
9.750512e-01
9.811762e-01
9.563064e-01
9.821112e-01
9.319326e-01
9.589662e-01
9.750953e-01
9.758096e-01
9.766270e-01
9.845327e-01
9.913681e-01
9.661167e-01
9.895997e-01
9.735447e-01
9.550141e-01
9.556586e-01
9.747600e-01
9.440179e-01
9.686822e-01
9.657571e-01
9.577968e-01
9.632775e-01
9.789660e-01
9.734589e-01
9.810740e-01
9.446693e-01
9.741451e-01
9.699442e-01
9.666206e-01
9.502240e-01
9.531744e-01
9.803490e-01
9.750906e-01
9.767401e-01
9.600368e-01
9.758549e-01
9.896247e-01
9.715912e-01
9.825615e-01
9.752735e-01
9.800513e-01
9.575317e-01
9.569939e-01
9.498090e-01
9.577632e-01
9.562854e-01
9.688983e-01
9.805899e-01
9.705964e-01
9.397868e-01
9.364065e-01
9.671219e-01
9.601634e-01
9.856506e-01
9.840051e-01
9.898068e-01
9.824534e-01
9.932579e-01
9.829624e-01
9.804542e-01
9.563305e-01
9.678092e-01
9.761759e-01
9.803201e-01
9.866892e-01
9.720547e-01
9.517028e-01
9.568024e-01
9.825940e-01
9.681088e-01
9.688894e-01
9.767845e-01
9.743041e-01
8.953295e-01
9.648272e-01
9.833287e-01
9.693589e-01
9.825395e-01
9.852183e-01
9.260638e-01
9.794524e-01
9.807419e-01
9.617924e-01
9.418267e-01
9.643011e-01
9.523494e-01
9.471529e-01
9.845492e-01
9.750098e-01
9.779711e-01
9.791893e-01
9.858710e-01
9.702255e-01
8.775453e-01
9.784790e-01
9.696208e-01
9.448578e-01
9.843511e-01
9.595703e-01
9.842122e-01
9.482922e-01
9.613143e-01
9.533374e-01
9.495542e-01
9.054139e-01
9.715128e-01
9.472795e-01
9.898389e-01
9.653145e-01
9.617440e-01
9.784954e-01
9.666887e-01
9.841634e-01
9.583345e-01
9.758572e-01
9.728363e-01
9.193961e-01
9.499591e-01
9.768527e-01
9.506835e-01
9.270778e-01
9.183122e-01
9.564381e-01
9.636175e-01
9.775766e-01
9.528233e-01
9.903965e-01
9.719402e-01
9.309095e-01
9.749768e-01
9.835484e-01
9.044111e-01
9.679165e-01
9.302189e-01
9.185399e-01
9.456862e-01
9.587735e-01
9.579381e-01
9.844593e-01
9.817427e-01
9.579408e-01
9.663688e-01
9.761265e-01
9.867797e-01
9.651905e-01
9.900658e-01
9.797972e-01
9.764712e-01
9.746042e-01
9.914236e-01
9.757094e-01
9.691990e-01
9.863793e-01
9.625398e-01
9.675584e-01
9.696288e-01
9.504884e-01
9.687307e-01
9.696703e-01
9.728107e-01
9.461126e-01
9.780524e-01
9.650506e-01
9.861944e-01
9.698173e-01
9.535813e-01
9.816456e-01
9.889707e-01
9.442524e-01
9.822055e-01
9.853386e-01
9.729592e-01
9.608101e-01
9.335057e-01
9.703719e-01
9.853095e-01
9.428774e-01
9.433624e-01
9.865966e-01
9.459729e-01
9.700356e-01
9.646001e-01
9.876387e-01
9.797898e-01
9.452564e-01
9.852414e-01
9.750032e-01
9.553967e-01
9.786257e-01
9.777337e-01
9.804021e-01
9.948026e-01
9.865396e-01
9.791003e-01
9.835154e-01
9.449162e-01
9.701960e-01
9.769992e-01
9.580978e-01
9.759385e-01
9.758952e-01
9.867088e-01
9.774996e-01
9.838939e-01
9.274319e-01
9.569071e-01
9.714025e-01
9.490080e-01
9.590629e-01
9.652558e-01
9.847920e-01
9.730063e-01
9.658071e-01
9.738386e-01
9.702863e-01
9.576875e-01
9.696112e-01
9.501030e-01
9.599632e-01
9.770063e-01
9.179251e-01
9.891959e-01
9.806204e-01
9.843391e-01
9.347840e-01
9.786600e-01
9.658433e-01
9.739393e-01
9.819618e-01
9.308798e-01
9.492259e-01
9.485724e-01
9.647149e-01
9.577275e-01
9.821410e-01
9.790895e-01
9.655551e-01
9.871770e-01
9.396524e-01
8.717502e-01
9.643997e-01
9.795839e-01
9.822993e-01
9.696139e-01
9.761629e-01
9.183406e-01
9.379186e-01
9.703860e-01
9.730981e-01
9.846393e-01
9.761780e-01
9.752609e-01
9.534589e-01
9.571912e-01
9.123070e-01
9.546937e-01
9.826453e-01
9.755465e-01
9.654230e-01
9.713879e-01
9.814506e-01
9.712678e-01
9.790353e-01
9.660791e-01
9.596063e-01
9.783665e-01
9.595389e-01
9.597884e-01
9.635853e-01
9.687572e-01
9.679727e-01
9.660551e-01
9.902150e-01
9.821459e-01
9.700235e-01
9.748387e-01
9.763971e-01
9.772368e-01
9.748871e-01
9.760700e-01
9.620282e-01
9.474297e-01
9.774441e-01
9.815070e-01
9.729605e-01
9.883297e-01
9.851804e-01
9.767004e-01
9.607165e-01
9.841148e-01
9.868643e-01
9.658319e-01
9.737580e-01
9.797976e-01
9.738326e-01
9.702065e-01
9.916747e-01
9.505501e-01
9.447231e-01
9.777756e-01
9.467610e-01
9.760142e-01
9.623738e-01
9.807192e-01
9.174447e-01
9.816645e-01
9.774078e-01
9.658284e-01
9.695203e-01
9.881837e-01
9.837202e-01
9.440140e-01
9.760600e-01
9.861688e-01
9.813889e-01
9.646416e-01
9.789916e-01
9.576520e-01
9.663646e-01
9.786191e-01
9.786814e-01
9.577408e-01
9.774802e-01
9.442656e-01
9.791538e-01
9.400452e-01
9.732006e-01
9.693140e-01
9.739959e-01
9.780451e-01
9.830046e-01
9.751801e-01
9.486720e-01
9.834031e-01
9.382812e-01
9.866964e-01
9.826038e-01
9.334756e-01
9.642085e-01
9.807443e-01
9.547954e-01
9.729632e-01
9.644294e-01
9.761045e-01
9.819019e-01
9.772251e-01
9.679318e-01
9.439672e-01
9.650547e-01
9.653746e-01
9.464572e-01
9.790914e-01
9.691949e-01
9.882411e-01
9.501942e-01
9.829772e-01
9.832899e-01
9.612835e-01
9.809601e-01
9.624066e-01
9.901452e-01
9.745453e-01
9.685990e-01
9.697594e-01
9.596002e-01
9.407643e-01
9.748858e-01
9.545462e-01
9.797509e-01
9.747634e-01
9.798665e-01
9.765399e-01
9.520222e-01
9.703732e-01
9.554264e-01
9.753625e-01
9.895122e-01
9.718323e-01
9.749578e-01
9.522634e-01
9.403180e-01
9.866963e-01
9.733077e-01
9.864051e-01
9.636292e-01
9.599757e-01
9.661013e-01
9.693574e-01
9.895418e-01
9.713644e-01
9.326384e-01
9.389776e-01
9.839408e-01
9.747388e-01
9.652478e-01
9.603632e-01
9.842314e-01
9.767958e-01
9.918223e-01
9.575695e-01
9.737016e-01
9.458348e-01
9.485771e-01
9.830424e-01
9.782452e-01
9.781373e-01
9.621657e-01
9.813169e-01
9.694921e-01
9.755167e-01
9.334002e-01
9.486501e-01
9.612392e-01
9.838576e-01
9.853162e-01
9.585566e-01
9.721797e-01
9.448050e-01
9.808141e-01
9.858399e-01
9.611411e-01
9.703458e-01
9.707336e-01
8.988523e-01
9.744164e-01
9.595669e-01
9.807558e-01
9.719071e-01
9.789927e-01
9.478560e-01
9.672589e-01
9.254152e-01
9.839760e-01
9.452633e-01
9.656621e-01
9.837521e-01
9.595903e-01
9.864241e-01
9.800032e-01
9.754332e-01
9.670849e-01
9.671224e-01
9.567263e-01
9.711672e-01
9.815906e-01
9.380979e-01
9.762535e-01
9.801259e-01
9.759186e-01
9.759273e-01
9.725698e-01
9.782495e-01
9.418124e-01
9.371882e-01
9.835917e-01
9.714124e-01
9.572371e-01
9.648283e-01
9.599390e-01
9.838621e-01
9.784403e-01
9.503323e-01
9.528225e-01
9.771601e-01
9.888523e-01
9.829202e-01
9.686469e-01
9.802910e-01
9.062203e-01
9.369829e-01
9.653669e-01
9.726551e-01
9.783864e-01
9.443473e-01
9.625919e-01
9.404644e-01
9.585842e-01
9.523870e-01
9.822455e-01
9.741080e-01
9.256182e-01
9.735524e-01
9.731734e-01
9.829937e-01
9.729230e-01
9.633875e-01
9.852023e-01
9.560966e-01
9.833045e-01
9.263147e-01
9.621523e-01
9.862593e-01
9.654082e-01
9.534481e-01
9.876573e-01
9.859836e-01
9.894627e-01
9.624946e-01
9.953081e-01
9.568981e-01
9.526274e-01
8.887212e-01
9.754376e-01
9.443192e-01
9.699760e-01
9.879428e-01
9.671458e-01
9.884038e-01
9.679963e-01
9.852971e-01
9.750000e-01
9.801186e-01
9.844570e-01
9.489983e-01
9.743200e-01
9.742640e-01
9.661305e-01
9.633034e-01
9.720480e-01
9.779348e-01
9.694177e-01
9.643354e-01
9.825681e-01
9.454916e-01
9.592835e-01
9.824241e-01
9.609836e-01
9.601507e-01
9.729870e-01
9.865502e-01
9.728679e-01
9.576609e-01
9.725583e-01
9.479080e-01
9.169713e-01
9.849297e-01
9.696412e-01
9.626064e-01
9.837308e-01
9.625122e-01
9.377384e-01
9.467602e-01
9.845258e-01
9.469887e-01
9.865555e-01
9.808627e-01
9.684908e-01
9.334334e-01
9.805894e-01
9.870060e-01
9.722377e-01
9.843032e-01
9.842976e-01
9.490276e-01
8.670861e-01
9.771535e-01
9.469508e-01
9.610049e-01
9.787574e-01
9.889372e-01
9.801878e-01
9.801425e-01
9.798623e-01
9.346874e-01
9.544691e-01
9.574130e-01
9.787663e-01
9.209220e-01
9.691951e-01
9.696615e-01
9.803871e-01
9.240956e-01
9.750128e-01
9.308116e-01
9.799891e-01
9.765514e-01
9.731477e-01
9.664590e-01
9.612395e-01
9.857568e-01
8.641031e-01
9.743394e-01
9.815277e-01
9.440287e-01
9.387074e-01
9.719711e-01
9.199783e-01
9.561878e-01
9.868567e-01
9.356671e-01
9.694673e-01
9.607188e-01
9.730772e-01
9.696818e-01
9.813144e-01
9.376745e-01
9.601708e-01
9.867784e-01
9.824750e-01
9.723686e-01
9.672982e-01
9.775096e-01
9.770359e-01
9.673585e-01
9.791263e-01
9.729366e-01
9.740298e-01
9.845950e-01
9.683508e-01
9.875119e-01
9.836926e-01
9.375194e-01
9.751349e-01
9.673008e-01
9.652658e-01
9.869951e-01
9.784063e-01
9.729573e-01
9.658813e-01
9.698522e-01
9.703167e-01
9.666698e-01
9.818075e-01
9.591263e-01
9.492005e-01
9.642390e-01
9.722027e-01
9.260182e-01
8.537382e-01
9.528502e-01
9.346691e-01
9.794074e-01
9.704637e-01
9.564010e-01
9.634304e-01
9.660178e-01
9.698953e-01
9.769616e-01
9.748660e-01
9.137952e-01
9.502413e-01
9.659157e-01
9.737060e-01
9.822745e-01
9.183754e-01
9.191521e-01
9.539785e-01
9.893415e-01
9.445397e-01
9.626653e-01
9.762433e-01
9.631712e-01
9.818187e-01
9.644604e-01
9.547865e-01
9.417141e-01
9.648869e-01
9.579965e-01
9.854552e-01
9.627766e-01
9.860416e-01
9.638246e-01
9.566219e-01
9.116762e-01
8.865985e-01
9.752546e-01
9.882626e-01
9.687497e-01
9.802027e-01
9.915122e-01
9.823945e-01
9.623415e-01
9.863902e-01
9.609083e-01
9.840182e-01
9.700830e-01
9.551428e-01
9.876466e-01
9.784196e-01
9.760208e-01
9.401441e-01
9.146943e-01
9.464145e-01
9.857249e-01
9.413752e-01
9.873335e-01
9.713332e-01
9.769072e-01
9.671558e-01
9.722006e-01
9.682561e-01
9.509598e-01
9.764096e-01
9.638051e-01
9.734572e-01
9.464831e-01
9.872362e-01
9.730747e-01
9.705182e-01
9.741877e-01
9.620974e-01
9.547422e-01
9.865192e-01
8.999037e-01
9.653350e-01
9.577233e-01
8.800424e-01
9.665246e-01
9.350736e-01
9.699066e-01
9.824962e-01
9.410703e-01
9.693009e-01
9.765550e-01
9.152497e-01
9.625582e-01
9.757628e-01
9.798459e-01
9.586945e-01
9.796431e-01
9.709239e-01
9.426124e-01
9.755325e-01
9.844927e-01
9.340191e-01
9.546231e-01
9.590294e-01
9.695052e-01
9.788595e-01
9.451431e-01
9.627789e-01
9.751913e-01
9.729883e-01
9.846121e-01
9.828183e-01
9.848475e-01
9.854176e-01
9.858196e-01
9.738950e-01
9.815211e-01
9.525353e-01
9.726327e-01
9.897993e-01
9.698424e-01
9.569677e-01
9.701991e-01
9.685040e-01
9.544107e-01
9.807224e-01
9.718884e-01
9.453939e-01
9.854542e-01
9.345484e-01
9.862257e-01
9.533677e-01
9.745546e-01
9.425414e-01
9.717991e-01
9.854696e-01
9.627403e-01
9.700204e-01
9.587682e-01
9.840581e-01
9.835445e-01
9.699454e-01
9.790078e-01
9.847470e-01
9.569031e-01
9.599312e-01
9.678827e-01
9.710254e-01
9.857353e-01
9.879726e-01
9.630337e-01
9.460882e-01
9.034888e-01
9.828779e-01
9.398241e-01
9.745366e-01
9.825667e-01
9.676054e-01
9.680803e-01
9.877356e-01
9.571805e-01
9.798409e-01
9.713376e-01
9.233342e-01
9.864518e-01
9.872186e-01
9.873089e-01
9.702709e-01
9.685707e-01
9.895180e-01
9.896860e-01
9.323901e-01
9.835032e-01
9.610413e-01
9.733936e-01
9.827111e-01
9.641270e-01
9.838790e-01
9.835634e-01
9.734419e-01
9.560361e-01
9.399890e-01
9.707997e-01
9.658974e-01
9.753841e-01
9.764911e-01
9.664883e-01
9.583116e-01
9.913273e-01
9.937213e-01
9.729141e-01
9.860765e-01
9.602465e-01
9.884013e-01
9.678824e-01
9.472013e-01
9.790291e-01
9.581467e-01
9.194822e-01
9.708418e-01
9.257584e-01
9.681326e-01
9.693175e-01
9.796829e-01
9.772093e-01
9.739064e-01
9.934764e-01
9.830864e-01
9.601752e-01
9.843582e-01
9.716244e-01
9.614220e-01
9.554787e-01
9.846837e-01
9.723294e-01
9.774808e-01
9.814254e-01
9.318936e-01
9.830669e-01
9.700033e-01
9.732353e-01
9.795764e-01
9.462441e-01
9.833636e-01
9.795518e-01
9.906289e-01
9.593126e-01
9.400808e-01
9.829798e-01
9.648140e-01
9.552127e-01
9.847592e-01
9.732098e-01
9.820274e-01
9.810751e-01
9.668190e-01
9.723909e-01
9.613569e-01
9.739663e-01
9.643049e-01
9.756514e-01
9.738778e-01
9.353782e-01
9.823624e-01
9.607005e-01
9.738703e-01
9.571137e-01
9.731244e-01
9.773528e-01
9.734203e-01
9.381832e-01
9.907497e-01
9.604708e-01
9.854220e-01
9.793984e-01
9.449833e-01
9.819352e-01
9.813426e-01
9.545375e-01
9.780233e-01
9.379314e-01
9.743298e-01
9.563109e-01
9.788188e-01
9.500982e-01
9.729263e-01
9.700423e-01
9.756391e-01
9.569341e-01
9.582086e-01
9.543375e-01
9.626310e-01
9.741515e-01
9.740333e-01
9.754689e-01
9.577230e-01
9.674899e-01
9.653080e-01
9.617701e-01
9.888339e-01
9.434349e-01
9.793793e-01
9.742482e-01
9.752273e-01
9.577964e-01
9.835567e-01
9.665371e-01
9.843696e-01
9.737589e-01
9.743874e-01
9.753943e-01
9.465282e-01
9.740958e-01
9.378161e-01
9.855024e-01
9.728424e-01
9.646034e-01
9.593090e-01
9.699496e-01
9.682376e-01
9.600192e-01
9.724988e-01
9.759549e-01
9.359039e-01
9.762886e-01
9.819226e-01
9.782850e-01
9.552231e-01
9.775971e-01
9.853098e-01
9.607909e-01
9.858123e-01
9.759186e-01
9.856236e-01
9.815241e-01
9.778368e-01
9.889893e-01
9.652043e-01
9.839332e-01
9.831552e-01
9.896727e-01
9.596723e-01
9.801734e-01
9.669716e-01
9.809585e-01
9.578420e-01
9.834298e-01
9.681401e-01
9.649080e-01
9.652556e-01
9.423553e-01
9.617456e-01
9.849615e-01
9.434054e-01
9.703594e-01
9.858732e-01
9.800376e-01
9.891932e-01
9.811796e-01
9.203352e-01
9.214597e-01
9.669559e-01
8.868765e-01
9.824716e-01
9.883173e-01
9.862094e-01
9.809110e-01
9.806863e-01
9.515983e-01
9.613473e-01
9.468918e-01
9.700837e-01
9.858501e-01
9.352784e-01
9.765456e-01
9.835096e-01
9.799504e-01
9.272774e-01
9.388198e-01
9.231369e-01
9.512274e-01
9.856942e-01
9.741294e-01
9.879395e-01
9.391820e-01
9.694095e-01
9.723776e-01
9.570563e-01
9.239659e-01
9.915035e-01
9.659883e-01
9.729330e-01
9.678983e-01
9.830710e-01
9.752410e-01
9.694871e-01
9.805056e-01
9.905940e-01
9.760409e-01
9.821546e-01
9.812691e-01
9.639429e-01
9.639898e-01
9.477511e-01
9.645056e-01
9.700885e-01
9.674044e-01
9.822199e-01
9.771841e-01
9.523402e-01
9.763531e-01
9.859404e-01
9.367738e-01
9.486743e-01
9.653898e-01
9.690802e-01
9.590948e-01
9.870589e-01
9.716164e-01
9.595467e-01
9.632868e-01
9.488566e-01
9.787164e-01
9.471707e-01
9.638043e-01
9.676455e-01
9.834495e-01
9.632472e-01
9.576903e-01
9.871333e-01
9.479357e-01
9.569436e-01
9.741967e-01
9.875146e-01
9.681894e-01
9.756718e-01
9.243644e-01
9.682563e-01
9.821729e-01
9.772225e-01
9.830254e-01
9.529845e-01
9.907777e-01
9.786082e-01
9.652714e-01
9.720786e-01
9.708661e-01
9.605834e-01
9.589676e-01
9.680915e-01
9.777645e-01
9.693518e-01
9.849687e-01
9.645264e-01
9.699047e-01
9.838629e-01
9.799025e-01
9.782577e-01
9.819695e-01
9.393884e-01
9.861507e-01
9.453030e-01
9.682503e-01
9.838262e-01
9.819039e-01
9.720723e-01
9.848106e-01
9.606288e-01
9.731788e-01
9.891033e-01
9.546348e-01
9.800344e-01
9.389810e-01
9.620845e-01
9.737194e-01
9.739958e-01
9.882885e-01
9.889985e-01
9.875257e-01
9.806460e-01
9.720600e-01
9.531576e-01
9.696675e-01
9.882358e-01
9.782330e-01
9.697556e-01
9.495205e-01
9.608504e-01
9.832217e-01
9.826582e-01
9.850719e-01
9.644723e-01
9.840161e-01
9.659042e-01
9.718227e-01
9.601420e-01
9.834307e-01
9.758813e-01
9.830798e-01
9.596810e-01
9.309621e-01
9.514865e-01
9.839750e-01
9.501169e-01
9.654300e-01
9.702812e-01
9.864626e-01
9.716010e-01
9.776781e-01
9.839513e-01
9.788190e-01
9.265049e-01
9.758906e-01
9.714502e-01
9.803409e-01
9.766160e-01
9.311693e-01
9.604799e-01
9.420458e-01
9.825294e-01
9.596773e-01
9.844321e-01
9.747256e-01
9.682808e-01
9.612272e-01
9.833470e-01
9.457438e-01
9.815477e-01
9.798736e-01
9.763041e-01
9.401105e-01
9.744370e-01
9.514311e-01
9.354297e-01
9.285279e-01
9.841526e-01
9.925366e-01
8.844804e-01
9.778984e-01
9.927004e-01
9.844145e-01
9.753972e-01
9.794329e-01
9.712306e-01
9.633654e-01
9.484436e-01
9.553245e-01
9.738852e-01
9.672972e-01
9.803415e-01
9.749738e-01
9.818250e-01
9.748502e-01
9.592727e-01
9.178015e-01
9.808424e-01
9.610983e-01
9.571246e-01
9.706598e-01
9.395788e-01
9.461650e-01
9.875111e-01
9.720325e-01
9.772326e-01
9.790652e-01
9.575611e-01
9.827899e-01
9.716715e-01
9.643430e-01
9.829896e-01
9.693381e-01
8.845980e-01
9.832106e-01
9.897713e-01
9.717765e-01
9.677938e-01
9.854645e-01
9.804479e-01
9.412210e-01
9.726664e-01
9.125934e-01
9.789716e-01
9.519382e-01
9.844370e-01
9.806784e-01
9.771693e-01
9.709609e-01
9.860290e-01
9.496151e-01
9.873390e-01
9.892029e-01
9.743082e-01
9.801341e-01
9.813292e-01
9.630534e-01
9.943415e-01
9.763099e-01
9.829223e-01
9.598007e-01
9.730371e-01
9.878928e-01
9.620190e-01
9.774344e-01
9.534676e-01
9.867100e-01
9.640806e-01
9.553452e-01
9.793561e-01
9.278794e-01
9.596202e-01
9.520109e-01
9.665809e-01
9.730839e-01
9.675723e-01
9.762837e-01
9.761512e-01
9.775527e-01
9.783527e-01
9.737475e-01
9.733420e-01
9.540602e-01
9.700757e-01
9.713743e-01
9.635352e-01
9.442369e-01
9.659853e-01
9.640329e-01
9.733692e-01
9.242138e-01
9.780623e-01
9.711161e-01
9.064620e-01
9.728655e-01
9.383453e-01
9.456048e-01
9.877501e-01
9.733415e-01
9.769860e-01
9.491690e-01
9.782214e-01
9.651250e-01
9.579504e-01
9.732115e-01
9.256152e-01
9.827133e-01
9.638242e-01
9.660036e-01
9.859160e-01
9.912723e-01
9.577123e-01
9.614288e-01
9.797585e-01
9.771656e-01
9.667719e-01
9.615096e-01
9.131269e-01
9.582675e-01
9.851657e-01
9.848015e-01
9.797081e-01
9.689368e-01
9.784280e-01
9.624566e-01
9.279560e-01
9.887843e-01
9.719315e-01
9.762601e-01
9.784292e-01
9.879915e-01
9.852251e-01
9.482327e-01
9.515322e-01
9.845370e-01
9.614258e-01
9.715516e-01
9.749672e-01
9.758060e-01
9.797244e-01
9.553164e-01
9.662599e-01
9.439840e-01
9.497173e-01
9.054455e-01
9.828651e-01
9.782045e-01
9.084606e-01
9.785737e-01
9.671272e-01
9.720208e-01
9.608105e-01
9.585943e-01
9.834149e-01
9.642953e-01
9.521100e-01
9.770998e-01
9.820991e-01
9.799040e-01
9.193223e-01
9.418051e-01
9.749818e-01
9.602868e-01
9.524249e-01
9.716865e-01
9.751567e-01
9.457115e-01
9.851529e-01
9.758608e-01
9.767693e-01
9.815092e-01
9.755829e-01
9.589335e-01
9.774814e-01
9.849086e-01
9.612917e-01
9.647285e-01
9.704525e-01
9.656172e-01
9.470436e-01
9.703035e-01
9.797114e-01
9.857490e-01
9.330858e-01
9.648582e-01
9.533552e-01
9.736239e-01
9.666122e-01
9.730371e-01
9.777193e-01
9.456233e-01
9.913498e-01
9.881325e-01
9.704355e-01
9.887717e-01
9.755074e-01
9.866188e-01
9.521877e-01
9.787379e-01
9.682487e-01
9.799964e-01
9.843546e-01
9.375030e-01
9.768504e-01
9.466144e-01
9.746390e-01
9.720532e-01
9.533371e-01
9.733020e-01
9.792983e-01
9.799333e-01
9.190741e-01
9.656003e-01
9.613616e-01
9.591345e-01
9.708236e-01
9.716991e-01
9.677934e-01
9.743177e-01
9.541380e-01
9.840119e-01
9.792579e-01
9.750380e-01
9.736412e-01
9.848693e-01
9.754877e-01
9.605143e-01
9.796981e-01
9.728446e-01
9.559823e-01
9.309172e-01
9.742913e-01
9.136154e-01
9.777617e-01
9.083604e-01
9.846535e-01
9.832760e-01
9.750461e-01
9.772389e-01
9.648044e-01
9.778919e-01
9.606329e-01
9.665284e-01
9.856022e-01
9.628208e-01
9.709907e-01
9.829855e-01
9.731005e-01
9.830229e-01
9.794326e-01
9.173861e-01
9.759102e-01
9.726682e-01
9.600002e-01
9.780487e-01
9.831933e-01
9.649776e-01
9.821451e-01
9.838060e-01
8.692180e-01
9.727679e-01
9.792100e-01
9.433636e-01
9.747052e-01
9.901679e-01
9.919395e-01
9.401236e-01
9.541173e-01
9.410405e-01
8.896379e-01
9.861939e-01
9.520447e-01
9.827391e-01
9.761590e-01
9.824306e-01
9.772121e-01
9.928204e-01
9.571430e-01
9.597587e-01
9.787521e-01
9.798243e-01
9.775701e-01
9.628160e-01
9.597533e-01
9.829464e-01
9.812188e-01
9.559924e-01
9.665125e-01
9.781938e-01
9.599470e-01
9.795834e-01
9.792981e-01
9.729503e-01
9.749834e-01
9.849804e-01
9.768683e-01
9.548851e-01
9.828111e-01
9.754318e-01
9.778788e-01
9.671893e-01
9.806807e-01
9.702132e-01
9.784139e-01
9.825049e-01
9.679966e-01
9.630419e-01
9.771044e-01
9.714359e-01
9.786119e-01
9.726379e-01
9.901172e-01
9.413425e-01
9.700363e-01
9.786016e-01
9.742458e-01
9.396680e-01
9.804984e-01
9.477529e-01
9.529285e-01
9.843407e-01
9.653205e-01
9.785719e-01
9.762451e-01
9.635450e-01
9.693289e-01
9.802178e-01
9.625753e-01
9.761325e-01
9.763502e-01
9.240456e-01
9.768401e-01
9.740954e-01
9.885137e-01
9.808415e-01
9.767111e-01
9.838705e-01
9.757532e-01
9.293547e-01
9.756852e-01
9.645591e-01
9.797802e-01
9.747580e-01
9.498608e-01
9.718720e-01
9.772549e-01
9.666636e-01
9.450946e-01
9.499735e-01
9.735270e-01
9.394259e-01
9.787664e-01
9.733526e-01
9.500915e-01
9.670505e-01
9.695251e-01
9.415701e-01
9.802364e-01
9.308181e-01
9.513434e-01
9.707500e-01
9.783684e-01
9.731605e-01
9.805850e-01
9.909470e-01
9.659637e-01
9.784573e-01
9.793566e-01
9.734785e-01
9.775086e-01
9.700268e-01
9.586449e-01
9.759899e-01
9.682819e-01
9.866624e-01
9.739357e-01
9.656294e-01
8.967924e-01
9.555914e-01
9.558606e-01
9.685441e-01
9.800069e-01
9.870836e-01
9.760483e-01
9.438173e-01
9.603766e-01
9.826371e-01
9.726641e-01
9.577912e-01
9.518596e-01
9.820166e-01
9.640471e-01
9.869021e-01
9.056479e-01
9.627472e-01
9.760983e-01
9.877724e-01
9.561122e-01
9.642543e-01
9.415255e-01
9.830525e-01
9.510817e-01
9.473555e-01
9.836625e-01
9.679332e-01
8.531734e-01
9.869251e-01
9.017512e-01
9.569170e-01
9.690217e-01
9.895972e-01
9.468611e-01
9.657362e-01
9.605993e-01
9.320498e-01
9.600285e-01
9.723999e-01
9.581145e-01
9.592342e-01
9.441336e-01
9.804651e-01
9.712007e-01
9.848075e-01
9.784433e-01
9.723734e-01
9.917959e-01
9.693492e-01
9.864670e-01
9.367468e-01
9.779428e-01
9.736564e-01
9.719479e-01
9.337888e-01
9.808579e-01
9.680024e-01
9.430551e-01
9.537948e-01
9.809653e-01
9.711502e-01
9.482306e-01
9.692709e-01
9.702903e-01
9.905608e-01
9.718355e-01
9.679833e-01
9.740457e-01
9.864467e-01
9.646167e-01
9.742087e-01
9.725030e-01
9.570927e-01
9.791543e-01
9.896870e-01
9.731107e-01
9.491763e-01
9.805657e-01
9.676507e-01
9.778214e-01
9.565558e-01
9.657495e-01
9.817441e-01
9.808550e-01
9.692939e-01
9.721582e-01
9.829503e-01
9.819297e-01
9.584023e-01
9.831009e-01
9.714005e-01
9.619354e-01
9.681190e-01
9.824033e-01
9.728417e-01
9.707090e-01
9.585609e-01
9.639752e-01
9.830261e-01
9.473116e-01
9.728083e-01
9.792607e-01
9.836351e-01
9.692602e-01
9.814568e-01
9.533208e-01
9.695579e-01
9.750422e-01
9.611017e-01
9.835886e-01
9.582485e-01
9.883564e-01
9.441432e-01
9.103353e-01
9.721830e-01
9.769129e-01
9.441474e-01
9.173402e-01
9.606550e-01
9.625158e-01
9.871087e-01
9.486778e-01
9.767575e-01
9.531865e-01
9.873813e-01
9.608203e-01
9.817367e-01
9.374934e-01
9.556953e-01
9.864043e-01
9.710933e-01
9.814362e-01
9.290918e-01
9.701437e-01
9.408069e-01
9.835620e-01
9.649868e-01
9.868590e-01
9.685794e-01
9.615727e-01
9.775412e-01
9.882781e-01
9.806788e-01
9.525210e-01
9.620566e-01
9.517937e-01
9.011357e-01
9.762197e-01
9.896745e-01
9.616672e-01
9.744892e-01
9.457894e-01
9.445062e-01
9.746219e-01
9.682451e-01
9.227523e-01
9.885729e-01
9.655338e-01
9.776954e-01
9.586134e-01
9.760297e-01
9.852306e-01
9.743465e-01
9.762748e-01
9.432585e-01
8.579575e-01
9.691670e-01
9.828483e-01
9.831469e-01
9.821283e-01
9.854963e-01
9.797707e-01
9.696021e-01
9.720718e-01
9.667164e-01
9.833287e-01
9.792628e-01
9.499405e-01
9.728914e-01
9.608335e-01
9.869216e-01
9.415950e-01
9.834661e-01
9.478307e-01
9.798275e-01
9.826784e-01
9.370688e-01
9.663441e-01
9.777907e-01
9.537956e-01
9.747144e-01
9.860177e-01
9.750372e-01
9.785383e-01
9.694129e-01
9.750860e-01
9.819995e-01
9.781358e-01
9.721601e-01
9.795653e-01
9.711892e-01
9.380335e-01
9.711992e-01
9.881245e-01
9.792235e-01
9.058238e-01
9.597465e-01
9.621112e-01
9.745380e-01
8.933347e-01
9.684424e-01
9.791134e-01
9.720428e-01
9.696786e-01
9.792739e-01
9.831657e-01
8.746688e-01
9.696234e-01
9.771998e-01
9.216746e-01
9.857491e-01
9.855800e-01
9.815760e-01
9.117161e-01
9.846603e-01
9.166971e-01
9.807305e-01
9.767976e-01
9.550440e-01
9.903459e-01
9.715165e-01
9.850681e-01
9.684215e-01
9.400307e-01
9.313884e-01
9.652169e-01
9.831472e-01
9.498307e-01
9.335827e-01
9.717537e-01
9.873963e-01
9.436872e-01
9.794704e-01
9.661756e-01
9.007177e-01
9.556204e-01
9.651120e-01
9.825256e-01
9.803926e-01
9.829406e-01
9.837004e-01
9.740382e-01
9.846902e-01
9.676955e-01
9.880424e-01
8.803391e-01
9.654355e-01
9.751144e-01
9.649966e-01
9.883698e-01
9.872952e-01
9.611570e-01
9.662807e-01
9.930709e-01
9.807171e-01
9.641901e-01
9.703125e-01
9.465218e-01
9.040678e-01
9.711602e-01
9.729316e-01
9.711369e-01
9.670526e-01
9.655068e-01
9.824208e-01
9.784479e-01
9.579167e-01
9.674983e-01
9.548378e-01
9.619436e-01
9.771228e-01
9.707467e-01
9.462686e-01
9.842710e-01
9.637460e-01
9.813390e-01
9.420144e-01
9.833594e-01
9.883846e-01
9.709138e-01
9.676516e-01
9.833848e-01
9.809016e-01
9.823102e-01
9.701821e-01
9.670226e-01
9.697750e-01
9.774625e-01
9.641039e-01
9.740236e-01
9.528990e-01
9.839137e-01
9.643225e-01
9.652323e-01
9.629811e-01
9.792157e-01
9.711758e-01
9.510098e-01
9.709431e-01
9.869604e-01
9.590489e-01
9.795952e-01
9.537094e-01
9.748799e-01
9.476162e-01
9.511569e-01
9.653062e-01
9.756644e-01
9.664922e-01
9.682075e-01
9.727297e-01
9.829393e-01
9.452685e-01
9.774040e-01
9.725303e-01
9.844232e-01
9.558571e-01
9.654213e-01
9.732854e-01
9.751107e-01
9.637676e-01
9.620077e-01
9.580588e-01
9.776961e-01
9.746096e-01
9.639068e-01
9.848465e-01
9.567512e-01
9.416200e-01
9.631411e-01
9.554102e-01
9.920829e-01
9.491180e-01
9.686044e-01
9.897261e-01
9.753146e-01
9.597142e-01
9.723907e-01
9.415580e-01
9.731973e-01
9.875878e-01
9.812500e-01
9.799666e-01
9.119237e-01
9.327499e-01
9.797213e-01
9.584938e-01
9.375116e-01
9.684183e-01
9.529361e-01
9.744081e-01
9.899481e-01
9.126671e-01
9.582356e-01
9.699666e-01
9.714142e-01
9.329196e-01
9.228997e-01
9.856129e-01
9.836019e-01
9.812129e-01
9.840740e-01
9.724370e-01
9.462572e-01
9.519311e-01
9.502059e-01
9.806410e-01
9.567228e-01
9.731002e-01
9.806479e-01
9.797099e-01
9.726286e-01
9.503732e-01
9.779404e-01
9.942027e-01
9.689106e-01
9.475043e-01
9.825256e-01
9.762930e-01
9.454613e-01
9.710341e-01
9.734580e-01
9.767509e-01
9.650000e-01
9.605406e-01
9.797278e-01
9.547678e-01
9.816899e-01
9.651784e-01
9.590424e-01
9.840861e-01
9.711676e-01
9.604975e-01
9.782872e-01
9.346611e-01
9.864228e-01
9.554741e-01
9.864694e-01
9.760266e-01
9.510026e-01
9.756941e-01
9.756516e-01
9.702292e-01
9.674934e-01
9.594359e-01
9.619931e-01
9.772845e-01
9.840919e-01
9.911371e-01
9.294632e-01
9.508485e-01
9.556501e-01
9.646565e-01
9.878048e-01
9.677391e-01
9.688514e-01
9.830786e-01
9.209141e-01
9.335507e-01
9.824779e-01
9.792180e-01
9.463704e-01
9.250948e-01
9.826235e-01
9.680032e-01
9.873580e-01
9.254602e-01
9.679400e-01
9.736044e-01
9.747033e-01
9.790638e-01
9.658010e-01
9.180964e-01
9.749828e-01
9.872472e-01
9.773237e-01
9.659194e-01
9.821115e-01
9.818482e-01
9.631232e-01
9.756522e-01
9.624533e-01
9.517789e-01
9.905822e-01
9.522790e-01
9.184363e-01
9.760608e-01
9.788886e-01
9.742295e-01
9.768504e-01
9.671776e-01
9.835005e-01
9.568314e-01
9.669269e-01
9.896649e-01
9.468898e-01
9.456230e-01
9.618080e-01
9.801291e-01
9.695052e-01
9.733697e-01
9.734206e-01
9.508292e-01
9.681059e-01
9.909347e-01
9.867595e-01
9.754042e-01
9.857149e-01
9.686890e-01
9.773100e-01
9.827381e-01
9.832114e-01
9.708537e-01
9.569698e-01
9.857073e-01
9.721515e-01
9.445242e-01
9.551862e-01
9.746581e-01
9.735251e-01
9.674369e-01
9.590831e-01
9.876921e-01
8.799463e-01
9.665358e-01
9.747552e-01
9.599718e-01
9.323554e-01
9.693315e-01
9.495473e-01
9.736232e-01
9.629191e-01
9.709463e-01
9.464179e-01
9.825521e-01
9.781998e-01
9.573660e-01
9.674729e-01
9.917389e-01
9.545466e-01
9.826158e-01
9.710011e-01
9.724922e-01
9.645997e-01
9.722554e-01
9.624723e-01
9.505587e-01
9.231813e-01
9.796165e-01
9.697834e-01
9.536802e-01
9.811941e-01
9.523700e-01
9.656683e-01
9.786804e-01
9.522029e-01
9.724491e-01
9.696720e-01
9.821045e-01
9.575523e-01
9.629821e-01
9.663248e-01
8.775161e-01
9.381333e-01
9.546659e-01
9.850142e-01
9.737706e-01
9.674281e-01
9.865056e-01
9.764766e-01
9.709630e-01
9.602420e-01
8.849003e-01
9.566398e-01
8.902093e-01
9.868137e-01
9.631314e-01
9.895398e-01
9.879841e-01
9.745155e-01
9.843326e-01
9.649620e-01
9.919398e-01
9.895227e-01
9.802007e-01
9.677335e-01
9.782941e-01
9.469366e-01
9.863712e-01
9.565075e-01
9.726750e-01
9.861121e-01
9.755286e-01
9.846944e-01
9.798098e-01
9.803752e-01
9.836185e-01
9.136704e-01
9.753384e-01
9.750075e-01
9.654687e-01
9.539349e-01
9.292727e-01
9.776672e-01
9.755603e-01
9.510444e-01
9.558520e-01
9.826526e-01
9.742879e-01
9.649885e-01
9.833201e-01
9.666779e-01
9.528738e-01
9.691025e-01
9.680522e-01
9.503192e-01
9.524674e-01
9.204555e-01
9.694582e-01
9.774475e-01
9.709875e-01
9.541124e-01
9.845063e-01
9.760507e-01
9.860682e-01
9.571557e-01
9.513708e-01
9.794796e-01
9.695754e-01
9.828445e-01
9.822913e-01
9.799875e-01
9.515804e-01
9.598551e-01
9.809535e-01
9.708458e-01
9.702195e-01
9.654819e-01
9.701378e-01
9.880291e-01
9.893669e-01
9.741413e-01
9.793599e-01
9.819885e-01
9.629889e-01
9.684921e-01
9.696644e-01
9.691006e-01
9.803371e-01
9.877905e-01
9.767040e-01
9.848780e-01
9.683085e-01
9.732882e-01
9.818295e-01
9.725619e-01
9.608730e-01
9.549918e-01
9.470194e-01
9.680587e-01
9.417887e-01
9.848386e-01
9.512900e-01
9.700937e-01
9.877706e-01
9.798807e-01
9.692921e-01
9.846629e-01
9.863341e-01
9.834391e-01
9.683459e-01
9.648227e-01
9.614602e-01
9.792961e-01
9.818836e-01
9.053027e-01
9.552190e-01
9.727361e-01
9.817129e-01
9.747915e-01
9.889121e-01
9.713012e-01
9.727985e-01
9.778074e-01
9.846281e-01
9.298666e-01
9.841517e-01
9.681098e-01
9.765592e-01
9.784823e-01
9.226434e-01
9.895585e-01
9.802538e-01
9.674242e-01
9.684604e-01
9.690050e-01
9.790312e-01
9.551853e-01
9.125536e-01
9.695833e-01
9.694745e-01
9.422358e-01
9.853291e-01
9.785221e-01
9.532496e-01
9.829826e-01
9.053314e-01
9.687631e-01
9.580448e-01
9.643211e-01
9.750492e-01
9.516617e-01
9.655474e-01
9.671304e-01
9.303279e-01
9.803966e-01
9.828771e-01
9.467623e-01
9.811926e-01
9.226871e-01
9.482781e-01
9.857410e-01
9.049606e-01
9.227066e-01
9.811002e-01
9.413240e-01
9.462245e-01
9.617111e-01
9.767654e-01
9.531966e-01
9.861969e-01
9.661735e-01
9.707013e-01
9.674936e-01
9.677760e-01
9.669210e-01
9.451684e-01
9.334586e-01
9.828748e-01
9.738701e-01
9.498875e-01
9.632077e-01
9.785552e-01
8.824099e-01
9.755271e-01
9.146561e-01
9.837179e-01
9.910965e-01
9.405583e-01
9.660260e-01
9.665628e-01
9.708076e-01
9.712926e-01
9.849275e-01
9.885166e-01
9.840244e-01
9.879946e-01
9.890485e-01
9.852053e-01
9.927852e-01
9.809594e-01
9.889923e-01
9.696319e-01
9.750934e-01
9.674594e-01
9.510631e-01
9.885317e-01
9.813314e-01
9.859898e-01
9.781310e-01
9.773687e-01
9.918872e-01
9.806493e-01
9.617282e-01
9.642333e-01
9.836137e-01
9.522706e-01
9.103102e-01
9.612279e-01
9.780678e-01
9.861053e-01
9.573177e-01
9.912494e-01
9.824373e-01
9.843711e-01
9.611934e-01
9.506194e-01
9.882369e-01
9.620785e-01
9.772870e-01
9.521626e-01
9.794716e-01
9.754412e-01
9.538915e-01
9.867523e-01
9.754505e-01
9.684460e-01
9.568427e-01
9.737723e-01
9.238838e-01
9.761051e-01
9.492968e-01
9.888230e-01
9.451604e-01
9.584303e-01
9.517628e-01
9.729215e-01
9.668343e-01
9.632703e-01
9.401093e-01
9.683185e-01
9.823739e-01
9.635681e-01
9.683210e-01
9.315834e-01
9.740658e-01
9.916163e-01
9.769902e-01
9.598761e-01
9.517245e-01
9.829853e-01
9.640752e-01
9.839091e-01
9.232226e-01
9.711633e-01
9.494098e-01
9.778567e-01
9.617695e-01
9.642112e-01
9.601756e-01
9.865989e-01
9.677460e-01
9.838197e-01
9.729017e-01
9.748412e-01
9.667439e-01
9.856936e-01
9.675401e-01
9.628215e-01
9.767999e-01
9.705768e-01
9.860777e-01
9.789860e-01
9.903069e-01
9.577851e-01
9.640734e-01
9.545541e-01
9.483397e-01
9.856027e-01
9.849835e-01
9.816813e-01
9.443180e-01
9.735316e-01
9.832242e-01
9.742187e-01
9.729498e-01
9.842400e-01
9.575190e-01
9.797074e-01
9.819161e-01
9.367926e-01
9.898723e-01
9.866964e-01
9.866267e-01
9.760747e-01
9.814006e-01
9.636117e-01
9.769609e-01
9.833522e-01
9.489227e-01
9.737741e-01
9.764132e-01
9.774446e-01
9.583936e-01
9.782261e-01
9.713958e-01
9.779644e-01
9.807617e-01
9.635694e-01
9.839363e-01
9.825702e-01
9.682911e-01
9.472895e-01
9.933807e-01
9.268052e-01
9.840981e-01
9.384063e-01
9.734547e-01
9.426588e-01
9.537719e-01
9.781397e-01
9.521716e-01
9.579797e-01
9.770988e-01
9.866527e-01
9.867467e-01
9.853825e-01
9.741183e-01
9.854244e-01
9.779089e-01
9.712462e-01
9.523166e-01
9.805829e-01
9.673841e-01
9.845594e-01
9.691120e-01
9.427004e-01
9.867817e-01
9.634397e-01
9.674843e-01
9.684100e-01
9.575301e-01
9.652934e-01
9.801711e-01
9.863023e-01
9.660744e-01
9.519898e-01
9.698933e-01
9.838171e-01
9.732900e-01
9.698407e-01
9.566929e-01
9.610618e-01
9.782002e-01
9.750459e-01
9.407382e-01
9.492632e-01
9.857427e-01
9.732499e-01
9.636155e-01
9.343381e-01
9.377188e-01
9.680689e-01
9.658403e-01
9.742491e-01
9.639162e-01
9.810913e-01
9.733549e-01
9.725068e-01
9.312457e-01
9.674849e-01
9.848757e-01
9.780117e-01
9.809620e-01
9.572567e-01
9.479749e-01
9.791216e-01
9.600249e-01
9.831145e-01
9.776109e-01
9.699155e-01
9.527091e-01
9.725919e-01
9.823390e-01
9.578938e-01
9.777204e-01
9.768787e-01
9.813338e-01
9.784391e-01
9.812767e-01
9.604038e-01
9.679432e-01
9.843539e-01
9.576295e-01
9.870083e-01
9.732823e-01
9.749275e-01
9.649409e-01
9.691804e-01
9.585053e-01
9.791947e-01
9.763209e-01
9.913628e-01
9.799616e-01
9.810738e-01
9.485407e-01
9.896944e-01
9.754169e-01
9.773803e-01
9.897406e-01
9.750574e-01
9.501448e-01
9.707073e-01
9.792059e-01
9.741548e-01
9.659484e-01
9.818527e-01
9.614329e-01
9.840163e-01
9.852137e-01
9.512014e-01
9.844334e-01
9.385288e-01
9.747965e-01
9.801023e-01
9.730065e-01
9.678115e-01
9.544034e-01
9.763037e-01
9.908684e-01
9.708269e-01
9.529823e-01
9.715716e-01
9.443995e-01
9.175214e-01
9.709280e-01
9.756213e-01
9.699909e-01
9.841192e-01
9.784555e-01
9.768768e-01
9.844088e-01
9.698298e-01
9.724957e-01
9.797006e-01
9.478197e-01
9.785936e-01
9.677104e-01
9.774765e-01
9.794434e-01
9.703302e-01
9.415763e-01
9.761636e-01
9.844267e-01
9.874013e-01
9.853495e-01
8.611778e-01
9.653558e-01
9.781742e-01
9.717406e-01
9.804061e-01
9.586894e-01
9.486978e-01
9.657028e-01
9.717845e-01
9.836021e-01
9.760715e-01
9.211471e-01
9.623659e-01
9.712807e-01
9.829561e-01
9.501293e-01
9.834955e-01
9.355041e-01
9.788477e-01
9.463190e-01
9.699716e-01
9.806635e-01
9.638432e-01
9.875322e-01
9.640953e-01
9.576804e-01
9.857530e-01
8.916612e-01
9.832002e-01
9.808401e-01
9.789436e-01
9.706242e-01
9.438062e-01
9.890468e-01
9.744164e-01
9.805571e-01
9.800902e-01
9.489723e-01
9.690200e-01
9.799344e-01
9.630992e-01
9.559948e-01
9.696488e-01
9.559123e-01
9.645384e-01
9.619689e-01
9.796594e-01
9.707393e-01
9.570988e-01
9.904076e-01
9.679475e-01
9.794034e-01
9.071948e-01
9.868181e-01
9.863061e-01
9.715082e-01
9.660973e-01
9.441865e-01
9.323072e-01
9.694142e-01
9.596248e-01
9.812460e-01
9.852453e-01
9.470113e-01
9.714844e-01
9.790327e-01
9.881741e-01
9.868147e-01
9.810620e-01
9.465731e-01
9.786543e-01
9.570811e-01
9.680367e-01
9.555206e-01
9.455529e-01
9.802012e-01
9.674625e-01
9.385025e-01
9.544046e-01
9.531634e-01
9.516459e-01
9.609712e-01
9.638569e-01
9.761983e-01
9.370537e-01
9.801540e-01
9.884927e-01
9.861093e-01
9.742302e-01
9.824986e-01
9.303440e-01
9.366013e-01
9.536273e-01
9.866719e-01
9.599556e-01
9.782195e-01
9.714347e-01
9.600587e-01
9.754855e-01
9.883578e-01
9.819319e-01
9.794708e-01
9.669201e-01
9.852685e-01
9.727108e-01
9.709917e-01
9.800153e-01
9.836775e-01
9.798716e-01
9.650487e-01
9.739210e-01
9.796090e-01
9.688945e-01
9.623446e-01
9.867958e-01
9.063230e-01
9.878939e-01
9.574449e-01
9.873990e-01
9.499779e-01
9.753179e-01
9.857308e-01
9.692145e-01
9.501696e-01
9.657132e-01
9.545446e-01
9.722304e-01
9.743552e-01
9.852403e-01
9.714377e-01
9.798358e-01
9.597198e-01
9.431923e-01
8.941201e-01
9.558463e-01
9.852023e-01
9.670036e-01
9.321815e-01
9.303338e-01
9.812413e-01
9.675281e-01
9.769856e-01
9.530543e-01
9.428596e-01
9.806671e-01
9.697761e-01
9.704771e-01
9.707980e-01
9.533928e-01
9.337932e-01
9.276066e-01
9.596495e-01
9.640548e-01
9.755830e-01
9.860162e-01
9.731013e-01
9.642468e-01
9.804862e-01
9.832938e-01
9.814183e-01
9.673696e-01
9.741592e-01
9.609967e-01
9.851237e-01
9.389774e-01
9.773053e-01
9.509496e-01
9.414015e-01
9.736726e-01
9.768762e-01
9.627746e-01
9.868678e-01
9.670118e-01
9.872379e-01
9.831471e-01
9.700031e-01
9.849019e-01
9.559543e-01
9.840623e-01
9.209186e-01
8.928237e-01
9.713960e-01
9.610648e-01
9.607941e-01
9.916742e-01
9.825040e-01
9.698997e-01
9.722323e-01
9.819692e-01
9.738071e-01
9.810711e-01
9.853225e-01
9.889732e-01
9.796504e-01
9.564557e-01
9.845369e-01
9.856218e-01
9.613468e-01
9.649094e-01
9.663426e-01
9.700629e-01
9.530414e-01
9.795996e-01
9.921875e-01
9.811358e-01
9.297391e-01
9.789036e-01
9.638060e-01
9.772433e-01
9.812906e-01
9.320537e-01
9.778464e-01
9.678900e-01
9.797444e-01
9.744971e-01
9.841314e-01
9.763673e-01
9.702172e-01
9.245598e-01
9.866602e-01
9.741789e-01
9.749230e-01
9.782647e-01
9.770645e-01
9.835427e-01
9.811578e-01
9.861293e-01
9.786914e-01
9.193729e-01
9.052893e-01
9.722161e-01
9.782876e-01
9.709408e-01
9.802787e-01
9.864382e-01
9.842316e-01
9.835989e-01
9.552865e-01
9.766710e-01
9.647038e-01
9.816145e-01
9.819676e-01
9.857752e-01
9.546089e-01
9.725444e-01
9.667015e-01
9.813306e-01
9.527310e-01
9.689434e-01
9.880756e-01
9.604570e-01
9.857535e-01
9.811359e-01
9.699481e-01
9.810153e-01
9.693056e-01
9.798941e-01
9.681427e-01
9.771496e-01
9.853131e-01
9.786104e-01
9.853607e-01
9.549844e-01
9.364689e-01
9.564769e-01
9.863729e-01
9.751691e-01
9.894736e-01
9.734006e-01
9.723188e-01
9.894215e-01
9.748962e-01
9.748455e-01
9.446846e-01
9.774881e-01
9.842781e-01
9.769074e-01
9.685480e-01
9.565245e-01
9.834423e-01
9.812440e-01
9.760562e-01
9.735664e-01
9.753150e-01
9.721172e-01
9.660912e-01
9.732089e-01
9.731660e-01
9.873607e-01
9.620200e-01
9.825586e-01
9.451332e-01
9.631657e-01
9.705360e-01
9.633764e-01
9.738786e-01
9.710744e-01
9.801253e-01
9.194755e-01
9.710167e-01
9.596842e-01
9.389680e-01
9.731947e-01
9.711063e-01
9.702285e-01
9.861700e-01
9.749753e-01
9.647810e-01
9.717752e-01
9.398543e-01
9.685517e-01
9.521481e-01
9.773883e-01
9.547620e-01
9.689554e-01
9.584107e-01
9.634865e-01
9.729114e-01
9.671570e-01
9.848789e-01
