9.785804e-01
9.609995e-01
9.177214e-01
8.023459e-01
8.412729e-01
8.805097e-01
9.741122e-01
7.865723e-01
7.821524e-01
8.171452e-01
8.952025e-01
9.089726e-01
8.496970e-01
9.227433e-01
9.431748e-01
9.846062e-01
8.670581e-01
9.072318e-01
9.140913e-01
9.232165e-01
9.249855e-01
9.288802e-01
9.351725e-01
8.055481e-01
8.628183e-01
8.484400e-01
9.684107e-01
9.727600e-01
9.472007e-01
8.892629e-01
8.593949e-01
9.768669e-01
9.302100e-01
8.790047e-01
9.769640e-01
9.909185e-01
8.977293e-01
9.324065e-01
8.974317e-01
7.928740e-01
9.409073e-01
8.799157e-01
8.706404e-01
9.175544e-01
9.159619e-01
9.264815e-01
7.176721e-01
8.915479e-01
9.046456e-01
8.218763e-01
1.008182e+00
9.575340e-01
9.096951e-01
8.882749e-01
9.533540e-01
8.870279e-01
9.344021e-01
8.856408e-01
9.754381e-01
8.213817e-01
9.629887e-01
8.758752e-01
9.468683e-01
8.865913e-01
9.052869e-01
9.029052e-01
7.116622e-01
8.622633e-01
9.335731e-01
7.512703e-01
8.732429e-01
9.042926e-01
8.490559e-01
9.472892e-01
9.935149e-01
7.194174e-01
9.412082e-01
8.397903e-01
9.062324e-01
9.127291e-01
9.785810e-01
9.504886e-01
7.630106e-01
7.733845e-01
8.852632e-01
8.758690e-01
9.055102e-01
9.572210e-01
9.909434e-01
9.881283e-01
1.003344e+00
9.773958e-01
9.742427e-01
7.613795e-01
9.683497e-01
9.262651e-01
8.997009e-01
9.792343e-01
9.868640e-01
9.387562e-01
8.102933e-01
9.029487e-01
9.351614e-01
9.016711e-01
9.395081e-01
9.247252e-01
8.827326e-01
9.897470e-01
8.657596e-01
9.183645e-01
7.839483e-01
9.278144e-01
9.360242e-01
8.985519e-01
9.761474e-01
8.969716e-01
7.076829e-01
9.790994e-01
7.835101e-01
9.014768e-01
8.869052e-01
9.389836e-01
9.471403e-01
9.393392e-01
9.845414e-01
8.128981e-01
9.560569e-01
9.311866e-01
9.934838e-01
8.819713e-01
9.539089e-01
8.820640e-01
8.910983e-01
8.969028e-01
9.269881e-01
8.212098e-01
9.024681e-01
9.331408e-01
7.837932e-01
8.896960e-01
9.648804e-01
8.998335e-01
7.957507e-01
8.907173e-01
1.000633e+00
9.329510e-01
9.425184e-01
9.781451e-01
8.314429e-01
9.680149e-01
8.616280e-01
9.224804e-01
7.131980e-01
9.710941e-01
8.772828e-01
8.270545e-01
8.468623e-01
9.542727e-01
1.032738e+00
8.509099e-01
9.213621e-01
9.521241e-01
9.184792e-01
8.712139e-01
9.120685e-01
8.916785e-01
8.521284e-01
9.930138e-01
9.793001e-01
7.496334e-01
9.722926e-01
9.586180e-01
9.160707e-01
8.075896e-01
9.664090e-01
8.036863e-01
9.527844e-01
8.712385e-01
9.302476e-01
9.109349e-01
9.625942e-01
8.608576e-01
9.736499e-01
8.417851e-01
8.248595e-01
8.923056e-01
9.088866e-01
9.287436e-01
8.587192e-01
9.501904e-01
9.936375e-01
9.885328e-01
9.199579e-01
8.950533e-01
8.804365e-01
8.727089e-01
8.905693e-01
7.043363e-01
9.768206e-01
8.449826e-01
8.750383e-01
8.528809e-01
9.704971e-01
8.416324e-01
8.641417e-01
8.483290e-01
7.995228e-01
8.196982e-01
8.650557e-01
7.783335e-01
9.698153e-01
8.638710e-01
7.828861e-01
9.433814e-01
9.896392e-01
8.771309e-01
9.991174e-01
8.086342e-01
9.601590e-01
8.514808e-01
8.467939e-01
8.780175e-01
9.533644e-01
9.118241e-01
8.503629e-01
9.244654e-01
8.321059e-01
8.892919e-01
8.989214e-01
8.702976e-01
9.340498e-01
9.954136e-01
8.680055e-01
8.779972e-01
9.778705e-01
9.710770e-01
7.777236e-01
9.202753e-01
8.575930e-01
8.985570e-01
8.922768e-01
9.444285e-01
9.000176e-01
9.519123e-01
9.571189e-01
9.574769e-01
9.351278e-01
9.674151e-01
9.441424e-01
9.119521e-01
8.446668e-01
9.074055e-01
9.773871e-01
8.780905e-01
8.911496e-01
9.663584e-01
8.419697e-01
9.656444e-01
8.166439e-01
8.910446e-01
9.751038e-01
8.539190e-01
9.753971e-01
9.226916e-01
8.814843e-01
7.574153e-01
9.628693e-01
9.271509e-01
9.452393e-01
8.126354e-01
8.690492e-01
9.255326e-01
9.061921e-01
8.652914e-01
8.755653e-01
9.784250e-01
9.371562e-01
8.418269e-01
8.040693e-01
8.563992e-01
9.643248e-01
9.121750e-01
9.521276e-01
8.098605e-01
9.010431e-01
9.407698e-01
8.940870e-01
8.725784e-01
8.857925e-01
8.712402e-01
7.540134e-01
9.138747e-01
9.604452e-01
9.891345e-01
9.434364e-01
9.259030e-01
9.005119e-01
8.676673e-01
9.770561e-01
9.783182e-01
9.109936e-01
9.503847e-01
8.280761e-01
6.886081e-01
9.448992e-01
9.647907e-01
8.619847e-01
8.813417e-01
9.175796e-01
9.359059e-01
8.795637e-01
7.842303e-01
9.311802e-01
9.270897e-01
8.639690e-01
8.247118e-01
8.161501e-01
6.852759e-01
9.537583e-01
7.383749e-01
9.672991e-01
9.421327e-01
9.101701e-01
8.866846e-01
9.564342e-01
8.997013e-01
9.485400e-01
7.607194e-01
9.031380e-01
7.624356e-01
8.631781e-01
9.403970e-01
8.877413e-01
9.784914e-01
8.814014e-01
9.519853e-01
8.607150e-01
9.807280e-01
9.104534e-01
8.994689e-01
9.406488e-01
9.623902e-01
9.611643e-01
9.161002e-01
8.730553e-01
8.582242e-01
9.320226e-01
8.766720e-01
8.296187e-01
9.743445e-01
9.144367e-01
9.463853e-01
9.988253e-01
9.707920e-01
9.628194e-01
9.726202e-01
9.258069e-01
9.732229e-01
8.901475e-01
9.719936e-01
9.333632e-01
9.937898e-01
8.964425e-01
8.577441e-01
9.048676e-01
8.382413e-01
9.758534e-01
1.000903e+00
8.853966e-01
9.176864e-01
9.333701e-01
9.296686e-01
9.145482e-01
8.541240e-01
9.394677e-01
9.867618e-01
8.583863e-01
7.942627e-01
9.369471e-01
8.437305e-01
9.319046e-01
9.477973e-01
9.217191e-01
9.627783e-01
9.305162e-01
9.547370e-01
8.789866e-01
9.857242e-01
8.804886e-01
9.534218e-01
8.754462e-01
9.623020e-01
9.217731e-01
6.718049e-01
9.723016e-01
9.232399e-01
8.791645e-01
9.268431e-01
9.467475e-01
9.419233e-01
9.638126e-01
8.600164e-01
8.852546e-01
9.738333e-01
1.023872e+00
8.853341e-01
9.270856e-01
9.587613e-01
9.817939e-01
8.253879e-01
7.576016e-01
9.838145e-01
9.098058e-01
8.787514e-01
9.495302e-01
8.128571e-01
9.602639e-01
9.539644e-01
9.082770e-01
9.599542e-01
8.325484e-01
9.146289e-01
9.290609e-01
9.639239e-01
9.532088e-01
8.548688e-01
9.352547e-01
9.013875e-01
8.622428e-01
7.693304e-01
8.892514e-01
9.415805e-01
9.396643e-01
8.161868e-01
9.055171e-01
9.361320e-01
8.680088e-01
7.460993e-01
9.248290e-01
8.549501e-01
9.420755e-01
9.755257e-01
9.549162e-01
8.793827e-01
7.158865e-01
8.627386e-01
8.450925e-01
9.428547e-01
9.284371e-01
9.779836e-01
9.010152e-01
9.849491e-01
9.556523e-01
8.594504e-01
7.332757e-01
8.525844e-01
8.997467e-01
8.444862e-01
9.084355e-01
9.252984e-01
9.847706e-01
9.086099e-01
9.389351e-01
9.282712e-01
7.322953e-01
9.230879e-01
1.002763e+00
8.898458e-01
8.122868e-01
9.552009e-01
9.748426e-01
9.834276e-01
9.307693e-01
8.745789e-01
9.582180e-01
9.386238e-01
9.678085e-01
9.019324e-01
9.291143e-01
9.149881e-01
9.465532e-01
9.709933e-01
9.559073e-01
8.878071e-01
8.597840e-01
9.409349e-01
9.729538e-01
9.154366e-01
9.479189e-01
7.953148e-01
8.253388e-01
1.003898e+00
7.516641e-01
9.653162e-01
9.870391e-01
8.103096e-01
9.464911e-01
8.710239e-01
9.793570e-01
8.855477e-01
6.483873e-01
9.213789e-01
6.659253e-01
9.600311e-01
8.437844e-01
7.769914e-01
9.501947e-01
8.183415e-01
7.900071e-01
9.422611e-01
9.577986e-01
8.274597e-01
8.594866e-01
9.448528e-01
9.666930e-01
6.574160e-01
9.785383e-01
9.651440e-01
8.911022e-01
9.031095e-01
9.137313e-01
9.623696e-01
9.763372e-01
9.619765e-01
1.000038e+00
8.814502e-01
8.671669e-01
8.647707e-01
9.160827e-01
9.457320e-01
8.268982e-01
9.608778e-01
9.165797e-01
8.853762e-01
9.249671e-01
9.005907e-01
8.873163e-01
9.568361e-01
9.696666e-01
7.566640e-01
1.015655e+00
7.887187e-01
8.930537e-01
9.047508e-01
9.736191e-01
8.788856e-01
9.169391e-01
8.574377e-01
9.509399e-01
9.607524e-01
8.676508e-01
7.340182e-01
9.807776e-01
9.664830e-01
9.260567e-01
8.640583e-01
9.558431e-01
9.389886e-01
1.002793e+00
8.531526e-01
7.104282e-01
9.556565e-01
9.551518e-01
9.479344e-01
8.594427e-01
9.120663e-01
9.071510e-01
7.718855e-01
7.669034e-01
8.312276e-01
9.311878e-01
9.898419e-01
9.734324e-01
9.165885e-01
9.595920e-01
9.471233e-01
9.684169e-01
9.534410e-01
8.928918e-01
8.803769e-01
9.551657e-01
9.747367e-01
9.936430e-01
9.157226e-01
7.896590e-01
9.234297e-01
9.038043e-01
8.524389e-01
9.505520e-01
9.343568e-01
9.309487e-01
8.769604e-01
8.603645e-01
8.752235e-01
9.724201e-01
9.292144e-01
9.058271e-01
9.216015e-01
9.201051e-01
7.172245e-01
9.997307e-01
9.253834e-01
9.325731e-01
7.351090e-01
8.967324e-01
8.362674e-01
8.043282e-01
9.216322e-01
8.722871e-01
9.618816e-01
9.605338e-01
1.008249e+00
9.746832e-01
9.666185e-01
9.247526e-01
7.859967e-01
8.228337e-01
9.402182e-01
9.402721e-01
9.277815e-01
9.907221e-01
7.756450e-01
9.697754e-01
9.101777e-01
8.161673e-01
9.232827e-01
8.740243e-01
8.469622e-01
8.966857e-01
9.945764e-01
7.540339e-01
9.270423e-01
8.877259e-01
9.372369e-01
9.267399e-01
9.055290e-01
9.756578e-01
9.391912e-01
9.152916e-01
7.898131e-01
8.812866e-01
9.298849e-01
9.525520e-01
1.015372e+00
7.919777e-01
9.220507e-01
8.718798e-01
8.409378e-01
8.362457e-01
7.371498e-01
9.391786e-01
8.024876e-01
9.640532e-01
9.747877e-01
9.806202e-01
9.593390e-01
9.401038e-01
9.225202e-01
7.868201e-01
9.520031e-01
9.795361e-01
8.965789e-01
9.174396e-01
9.615461e-01
8.946442e-01
9.103405e-01
9.813447e-01
9.198458e-01
9.604851e-01
9.145728e-01
9.580959e-01
8.158898e-01
9.649141e-01
9.187411e-01
8.928152e-01
8.934331e-01
7.038655e-01
8.598997e-01
8.507628e-01
9.450743e-01
8.798603e-01
9.507925e-01
9.350040e-01
8.557023e-01
9.374752e-01
9.902952e-01
9.696340e-01
8.751733e-01
9.091787e-01
9.306641e-01
9.650896e-01
9.967358e-01
9.318255e-01
9.555978e-01
9.446954e-01
8.738919e-01
9.821407e-01
9.179743e-01
9.359495e-01
8.384725e-01
8.887861e-01
7.356135e-01
9.712945e-01
9.145632e-01
9.736929e-01
9.404357e-01
8.742665e-01
9.261748e-01
9.921326e-01
9.925810e-01
8.620420e-01
9.402579e-01
9.778866e-01
8.415342e-01
7.777627e-01
9.034623e-01
9.310831e-01
8.975162e-01
9.322380e-01
1.032077e+00
9.626033e-01
9.595807e-01
9.935891e-01
8.785086e-01
9.368152e-01
9.433821e-01
9.479328e-01
8.909680e-01
9.486870e-01
9.651332e-01
9.807522e-01
9.805155e-01
9.714400e-01
9.455783e-01
7.881062e-01
9.041050e-01
8.397790e-01
8.520683e-01
9.513109e-01
9.362883e-01
9.751111e-01
8.420101e-01
9.280646e-01
9.071690e-01
9.163126e-01
8.085940e-01
9.480538e-01
9.506194e-01
9.683233e-01
9.707931e-01
9.650439e-01
9.378835e-01
9.711908e-01
8.291057e-01
9.651019e-01
9.720218e-01
8.178704e-01
8.927057e-01
9.827558e-01
9.798570e-01
9.190131e-01
9.486917e-01
8.988355e-01
8.901432e-01
9.041917e-01
9.215610e-01
9.208310e-01
9.384277e-01
9.935188e-01
9.288421e-01
9.114904e-01
9.298061e-01
8.835258e-01
9.730712e-01
8.704356e-01
8.896904e-01
9.875732e-01
9.477420e-01
9.014135e-01
8.918070e-01
9.431151e-01
8.895742e-01
7.615586e-01
9.838293e-01
9.287376e-01
9.231803e-01
9.871556e-01
9.827273e-01
7.991883e-01
8.138086e-01
7.978129e-01
9.378901e-01
9.889086e-01
9.114343e-01
8.097304e-01
8.682505e-01
9.564108e-01
9.664385e-01
9.326651e-01
9.516523e-01
9.918122e-01
9.194332e-01
9.641667e-01
9.190287e-01
9.718243e-01
8.439781e-01
9.182345e-01
9.192343e-01
9.097362e-01
6.824504e-01
9.230415e-01
7.936516e-01
9.886620e-01
8.929158e-01
9.574445e-01
8.681011e-01
9.186566e-01
9.742012e-01
9.394829e-01
7.810072e-01
9.276375e-01
8.971971e-01
9.046324e-01
9.325512e-01
7.824578e-01
8.420111e-01
9.632593e-01
8.838870e-01
9.878179e-01
9.424035e-01
9.465510e-01
8.614711e-01
8.130622e-01
8.161445e-01
8.699353e-01
8.089998e-01
9.959844e-01
9.050476e-01
8.052896e-01
7.815538e-01
9.227951e-01
9.378610e-01
8.468648e-01
9.450525e-01
9.575180e-01
6.446314e-01
9.514731e-01
9.012806e-01
9.104790e-01
9.752540e-01
9.463265e-01
8.805119e-01
9.572223e-01
9.212910e-01
7.473258e-01
9.582066e-01
9.686519e-01
9.700318e-01
9.289981e-01
7.353459e-01
9.323711e-01
8.552947e-01
9.760958e-01
8.049534e-01
9.756345e-01
9.091850e-01
9.787633e-01
9.377626e-01
9.051542e-01
9.016233e-01
9.888575e-01
7.854248e-01
8.894371e-01
9.428831e-01
8.071015e-01
9.233676e-01
9.721889e-01
8.538078e-01
8.965956e-01
8.483798e-01
8.103779e-01
8.875425e-01
8.587740e-01
9.340025e-01
8.335005e-01
8.762446e-01
9.630222e-01
8.416705e-01
8.929662e-01
9.190109e-01
7.841834e-01
8.682905e-01
9.066916e-01
9.737014e-01
9.068423e-01
9.148365e-01
8.536651e-01
8.850386e-01
8.624538e-01
8.727184e-01
6.059538e-01
9.919606e-01
9.268741e-01
8.386472e-01
9.116381e-01
9.627064e-01
8.703257e-01
8.430829e-01
9.823338e-01
8.459515e-01
8.477429e-01
9.458277e-01
9.361950e-01
7.782515e-01
9.647860e-01
9.386861e-01
9.598262e-01
1.009426e+00
8.232246e-01
8.940198e-01
8.302453e-01
1.001304e+00
9.547811e-01
9.468067e-01
8.853903e-01
9.410425e-01
9.615891e-01
8.950664e-01
8.680482e-01
9.736028e-01
9.028107e-01
8.176593e-01
8.780670e-01
8.910025e-01
8.678839e-01
8.972081e-01
9.462351e-01
9.066042e-01
9.657424e-01
8.132449e-01
9.033649e-01
9.771274e-01
9.913266e-01
9.540239e-01
1.018220e+00
7.969086e-01
9.756252e-01
8.743577e-01
9.745254e-01
9.342442e-01
9.790765e-01
9.329321e-01
8.767328e-01
9.075739e-01
9.590075e-01
9.183793e-01
9.527794e-01
8.621093e-01
9.580057e-01
9.437775e-01
6.633583e-01
9.482607e-01
8.665767e-01
9.650910e-01
9.431098e-01
8.889955e-01
8.816234e-01
9.655802e-01
9.069653e-01
9.035087e-01
9.870878e-01
9.428894e-01
9.320320e-01
9.737183e-01
8.952204e-01
1.021583e+00
8.832953e-01
8.936756e-01
1.004632e+00
9.012882e-01
7.463624e-01
9.598260e-01
8.725770e-01
8.416688e-01
9.537749e-01
9.587689e-01
9.856646e-01
8.061106e-01
9.252280e-01
8.684596e-01
8.452017e-01
9.119621e-01
8.986425e-01
8.247245e-01
9.676556e-01
9.623619e-01
9.808393e-01
8.688860e-01
9.176485e-01
9.562284e-01
7.576893e-01
7.958670e-01
9.553388e-01
8.347559e-01
9.365187e-01
8.464568e-01
7.045978e-01
9.333633e-01
9.795119e-01
8.940109e-01
9.361648e-01
9.250782e-01
9.812246e-01
8.741576e-01
9.589541e-01
9.047231e-01
8.208508e-01
9.228070e-01
9.866444e-01
8.279760e-01
9.551732e-01
9.006409e-01
8.268227e-01
9.064678e-01
8.037742e-01
9.189131e-01
7.458374e-01
8.441373e-01
8.905434e-01
9.088591e-01
9.216807e-01
9.598237e-01
9.604588e-01
9.585040e-01
9.404230e-01
9.533601e-01
9.028764e-01
9.124232e-01
9.438910e-01
9.109840e-01
6.828959e-01
8.941108e-01
7.436398e-01
9.414972e-01
9.582371e-01
8.064864e-01
7.789221e-01
9.425840e-01
8.612296e-01
8.001833e-01
9.792583e-01
9.260613e-01
8.512258e-01
7.603399e-01
9.463501e-01
8.764194e-01
8.225372e-01
9.291621e-01
9.573905e-01
9.738576e-01
8.434146e-01
9.953320e-01
9.939701e-01
9.579381e-01
9.656636e-01
1.005646e+00
9.737190e-01
9.636162e-01
8.382454e-01
9.182025e-01
8.690604e-01
9.292095e-01
6.685305e-01
8.992911e-01
9.347226e-01
7.241923e-01
9.147194e-01
7.542758e-01
9.308663e-01
9.861605e-01
9.970751e-01
9.479823e-01
9.385546e-01
8.790142e-01
9.885323e-01
9.028231e-01
9.624213e-01
7.896590e-01
7.675636e-01
9.645639e-01
8.188103e-01
9.271095e-01
8.624353e-01
9.108602e-01
9.600818e-01
9.605625e-01
9.142019e-01
9.016676e-01
7.808305e-01
9.219259e-01
9.669272e-01
9.584596e-01
9.190236e-01
9.521025e-01
7.361000e-01
9.596743e-01
8.914496e-01
9.702413e-01
8.057336e-01
9.737362e-01
8.548155e-01
9.511954e-01
9.831032e-01
8.969319e-01
9.583417e-01
8.484812e-01
9.915994e-01
9.749748e-01
9.312649e-01
7.398398e-01
9.244258e-01
8.708318e-01
9.161446e-01
9.220087e-01
9.756329e-01
7.733469e-01
8.798481e-01
9.662877e-01
9.615506e-01
8.933085e-01
6.438658e-01
9.115594e-01
9.837950e-01
9.394814e-01
6.234653e-01
9.570125e-01
9.349748e-01
9.254672e-01
8.838370e-01
9.175699e-01
8.720767e-01
9.689310e-01
6.593830e-01
9.544343e-01
9.816940e-01
8.912282e-01
9.168261e-01
8.307133e-01
9.714984e-01
8.701574e-01
9.229246e-01
9.866191e-01
9.492982e-01
9.377088e-01
7.583360e-01
8.692890e-01
8.864339e-01
9.232149e-01
9.507431e-01
9.441792e-01
9.624682e-01
8.492679e-01
9.132669e-01
9.416434e-01
9.344993e-01
9.277339e-01
8.317527e-01
8.143243e-01
9.134573e-01
9.371936e-01
1.032554e+00
8.647545e-01
9.834592e-01
9.732069e-01
9.162333e-01
7.664167e-01
8.546834e-01
8.970066e-01
9.389913e-01
9.985782e-01
9.285577e-01
9.021048e-01
8.566553e-01
8.414322e-01
9.742930e-01
8.385037e-01
8.463044e-01
9.718034e-01
9.212476e-01
9.577985e-01
8.800989e-01
9.715895e-01
9.580209e-01
9.062873e-01
8.458534e-01
8.984885e-01
9.714600e-01
9.372795e-01
7.776782e-01
9.630317e-01
9.396927e-01
9.001707e-01
9.187287e-01
9.446302e-01
8.065612e-01
9.849847e-01
9.708065e-01
8.835557e-01
8.862609e-01
8.802610e-01
8.495669e-01
9.580133e-01
9.192381e-01
9.321793e-01
9.507492e-01
9.462479e-01
9.375823e-01
9.156138e-01
9.079082e-01
9.578180e-01
8.856610e-01
9.630225e-01
9.218232e-01
8.408762e-01
9.255996e-01
8.699813e-01
8.213873e-01
8.133689e-01
9.223500e-01
9.258472e-01
9.354224e-01
8.751231e-01
7.903676e-01
8.811281e-01
8.624382e-01
9.499675e-01
9.334066e-01
9.781639e-01
9.834859e-01
9.686942e-01
9.275120e-01
9.667640e-01
9.750477e-01
8.864439e-01
9.809012e-01
8.719818e-01
8.871250e-01
8.469616e-01
9.346584e-01
9.977089e-01
9.652749e-01
8.295488e-01
9.798517e-01
8.833102e-01
9.155103e-01
9.924201e-01
8.080195e-01
8.996014e-01
9.074475e-01
9.283360e-01
5.835140e-01
9.200777e-01
8.605631e-01
8.875874e-01
9.566765e-01
9.989724e-01
9.258135e-01
9.219118e-01
6.966002e-01
9.030268e-01
8.168024e-01
9.465923e-01
9.136073e-01
8.646910e-01
9.696328e-01
8.780001e-01
9.431483e-01
8.052635e-01
9.742029e-01
8.074273e-01
8.080764e-01
9.406466e-01
9.451106e-01
9.564161e-01
9.547339e-01
8.655157e-01
9.979721e-01
9.117841e-01
8.885995e-01
8.600549e-01
9.573136e-01
9.545161e-01
9.963928e-01
8.516749e-01
9.181124e-01
9.130303e-01
9.040952e-01
9.501944e-01
8.512949e-01
9.726858e-01
8.911929e-01
9.217874e-01
8.259432e-01
9.189270e-01
8.239883e-01
9.331750e-01
9.391304e-01
9.676739e-01
9.037581e-01
8.939739e-01
8.702096e-01
8.424580e-01
9.835698e-01
9.497646e-01
8.703731e-01
9.251238e-01
8.098761e-01
1.006839e+00
8.889470e-01
9.142572e-01
8.311800e-01
9.560939e-01
9.274805e-01
7.299331e-01
8.374387e-01
9.121327e-01
9.541548e-01
9.756376e-01
9.151130e-01
6.800795e-01
9.421591e-01
9.311686e-01
9.425897e-01
9.182588e-01
8.717856e-01
9.528839e-01
9.153058e-01
9.607350e-01
8.745800e-01
7.828522e-01
6.406706e-01
9.049882e-01
9.833381e-01
8.270326e-01
9.247943e-01
8.448597e-01
9.858074e-01
8.903339e-01
9.490092e-01
8.639586e-01
9.384468e-01
9.111567e-01
9.412507e-01
9.020162e-01
9.481110e-01
8.553765e-01
9.188773e-01
9.659151e-01
9.571613e-01
9.440793e-01
8.985371e-01
9.151661e-01
7.971828e-01
9.300485e-01
9.866919e-01
6.559230e-01
9.025718e-01
8.206143e-01
9.361254e-01
8.800554e-01
1.008317e+00
9.156632e-01
8.824561e-01
9.072382e-01
6.128962e-01
9.648488e-01
8.339339e-01
8.843606e-01
9.055791e-01
8.760788e-01
9.816092e-01
9.321223e-01
8.854351e-01
9.377932e-01
9.573219e-01
8.573561e-01
8.711236e-01
8.571694e-01
9.432623e-01
9.587367e-01
8.792209e-01
8.914686e-01
9.366810e-01
9.637262e-01
9.083523e-01
7.629497e-01
7.113215e-01
8.526403e-01
8.429716e-01
8.835493e-01
8.884778e-01
8.302981e-01
9.162774e-01
8.175917e-01
9.938640e-01
9.479602e-01
9.513338e-01
8.218043e-01
9.929423e-01
8.843879e-01
8.945340e-01
8.846013e-01
9.591377e-01
8.266204e-01
9.227981e-01
8.542738e-01
9.662910e-01
9.756590e-01
9.414532e-01
9.748322e-01
8.854100e-01
9.011567e-01
8.698096e-01
8.786900e-01
9.614064e-01
9.131127e-01
8.440802e-01
9.619372e-01
9.136434e-01
9.333683e-01
9.896790e-01
1.009218e+00
8.896491e-01
9.734983e-01
8.801636e-01
9.334841e-01
9.416964e-01
9.878699e-01
7.884063e-01
1.002620e+00
9.599986e-01
9.218421e-01
9.494737e-01
9.034021e-01
8.698710e-01
7.178960e-01
9.944401e-01
9.583125e-01
9.544227e-01
8.859876e-01
8.560167e-01
8.485971e-01
8.546021e-01
8.637944e-01
8.975635e-01
9.500782e-01
7.678397e-01
6.699281e-01
9.259099e-01
9.645560e-01
9.321672e-01
8.802815e-01
9.744481e-01
9.140186e-01
9.505573e-01
9.199053e-01
8.944304e-01
9.862653e-01
9.816677e-01
8.670952e-01
9.855165e-01
9.742802e-01
9.755401e-01
9.396108e-01
9.826744e-01
9.092386e-01
9.324617e-01
9.423110e-01
8.944824e-01
9.526434e-01
9.698688e-01
8.479890e-01
7.994897e-01
9.139416e-01
9.633954e-01
9.106286e-01
9.695397e-01
8.290851e-01
9.783092e-01
8.422862e-01
8.545259e-01
1.002595e+00
9.187072e-01
9.314370e-01
1.000775e+00
9.365809e-01
9.850229e-01
9.646196e-01
9.812478e-01
9.103749e-01
9.129814e-01
9.647763e-01
9.502071e-01
9.276975e-01
9.426080e-01
9.358087e-01
9.441934e-01
9.795881e-01
9.089959e-01
6.851008e-01
9.092517e-01
7.035432e-01
7.472920e-01
9.804485e-01
8.635527e-01
9.348735e-01
8.753549e-01
7.786026e-01
8.896588e-01
9.638301e-01
9.178955e-01
8.727200e-01
8.826411e-01
9.445678e-01
9.553853e-01
8.640612e-01
9.490843e-01
8.414460e-01
9.884319e-01
8.439070e-01
9.241145e-01
8.423568e-01
9.440432e-01
9.486124e-01
8.166330e-01
9.078805e-01
8.153749e-01
8.576323e-01
8.801956e-01
9.725602e-01
9.573152e-01
9.209214e-01
9.545600e-01
9.202085e-01
8.181183e-01
8.697789e-01
7.178192e-01
9.087394e-01
9.067321e-01
9.001115e-01
7.785716e-01
9.470186e-01
9.337261e-01
9.617241e-01
9.339078e-01
9.037703e-01
9.642187e-01
9.375128e-01
9.224064e-01
9.947130e-01
9.716822e-01
9.759577e-01
9.243340e-01
8.809826e-01
9.996500e-01
8.984674e-01
9.501000e-01
8.964223e-01
9.592866e-01
9.373728e-01
9.281103e-01
8.882767e-01
9.851502e-01
8.379080e-01
8.307671e-01
9.538017e-01
9.446570e-01
9.037637e-01
1.047037e+00
8.763080e-01
9.452181e-01
8.747660e-01
9.789142e-01
9.489805e-01
8.912114e-01
9.091567e-01
7.180212e-01
9.803899e-01
9.500851e-01
9.432300e-01
8.221673e-01
9.565707e-01
8.787027e-01
9.534275e-01
9.038987e-01
8.998341e-01
9.431228e-01
7.480525e-01
8.064268e-01
9.189999e-01
9.157356e-01
8.609703e-01
9.655845e-01
9.427924e-01
9.500716e-01
9.044625e-01
6.972455e-01
8.125077e-01
9.089961e-01
8.530877e-01
8.888884e-01
8.486837e-01
9.555662e-01
9.590661e-01
8.828319e-01
8.511990e-01
7.828757e-01
8.811223e-01
7.181800e-01
9.322754e-01
8.913843e-01
9.890730e-01
9.008396e-01
9.887079e-01
9.440816e-01
8.863879e-01
9.191738e-01
9.053509e-01
8.783394e-01
9.446339e-01
9.546191e-01
9.332727e-01
9.106693e-01
9.767841e-01
9.175314e-01
9.348051e-01
1.005809e+00
9.359434e-01
8.043471e-01
8.771334e-01
9.872467e-01
9.364611e-01
8.563980e-01
8.156643e-01
9.020862e-01
8.957450e-01
8.907395e-01
8.660540e-01
8.008507e-01
8.320246e-01
9.328650e-01
8.374188e-01
8.072618e-01
9.355809e-01
9.099907e-01
7.536555e-01
9.189204e-01
9.346410e-01
8.967640e-01
9.495664e-01
8.481738e-01
9.381527e-01
8.805846e-01
9.204224e-01
9.203503e-01
9.599062e-01
9.747577e-01
9.510652e-01
9.703789e-01
9.622709e-01
9.231091e-01
9.277966e-01
9.297428e-01
7.121054e-01
8.814108e-01
8.018578e-01
8.940408e-01
8.552226e-01
9.127546e-01
8.759944e-01
9.304982e-01
9.214030e-01
7.565218e-01
9.195723e-01
9.451813e-01
9.292957e-01
9.868864e-01
8.749284e-01
1.021825e+00
7.730975e-01
8.693695e-01
9.567690e-01
7.852107e-01
7.106068e-01
9.650126e-01
9.222710e-01
6.856937e-01
9.276358e-01
9.258263e-01
8.910275e-01
9.551141e-01
7.975594e-01
8.826004e-01
9.020294e-01
9.206877e-01
9.583180e-01
8.907618e-01
9.937685e-01
9.578438e-01
9.432845e-01
9.874425e-01
9.236436e-01
8.424894e-01
9.096250e-01
9.051672e-01
9.545931e-01
9.894855e-01
7.498017e-01
9.193167e-01
1.004601e+00
8.878482e-01
9.570154e-01
9.945687e-01
9.146305e-01
9.194092e-01
9.410145e-01
9.231703e-01
9.411238e-01
7.046404e-01
8.080275e-01
8.797508e-01
8.826124e-01
8.463908e-01
9.123271e-01
7.651051e-01
8.525213e-01
9.297220e-01
9.306842e-01
7.994618e-01
9.983962e-01
9.145052e-01
9.297921e-01
9.529569e-01
8.553139e-01
9.717478e-01
6.868463e-01
8.632140e-01
9.748002e-01
9.690375e-01
9.552496e-01
9.786704e-01
8.542265e-01
8.603379e-01
9.026068e-01
6.496479e-01
7.783220e-01
9.889977e-01
8.269731e-01
9.802251e-01
9.424471e-01
8.277242e-01
9.107307e-01
8.593780e-01
9.285226e-01
9.443271e-01
9.616710e-01
8.554957e-01
9.487527e-01
9.348354e-01
8.887971e-01
9.374031e-01
8.613364e-01
9.467902e-01
9.419797e-01
8.827555e-01
8.291450e-01
9.088132e-01
9.571464e-01
7.846491e-01
8.033687e-01
9.626724e-01
9.664589e-01
9.567613e-01
8.917704e-01
8.733547e-01
9.168572e-01
8.828729e-01
9.658482e-01
8.569718e-01
9.606043e-01
9.705893e-01
9.677974e-01
9.817779e-01
9.807949e-01
6.818435e-01
9.403586e-01
9.090022e-01
8.877819e-01
9.089625e-01
9.109103e-01
9.523808e-01
9.524292e-01
6.429379e-01
8.607497e-01
9.694029e-01
8.399613e-01
9.036609e-01
9.081560e-01
9.290441e-01
9.173427e-01
9.145756e-01
9.320855e-01
9.311409e-01
6.908745e-01
9.772451e-01
9.485643e-01
8.274618e-01
9.602083e-01
9.451445e-01
9.715934e-01
9.124559e-01
8.145287e-01
8.195237e-01
9.335141e-01
9.803849e-01
8.380681e-01
9.752849e-01
8.373324e-01
9.437497e-01
9.540361e-01
9.417570e-01
5.783009e-01
7.756012e-01
9.614344e-01
8.867377e-01
9.187253e-01
9.465207e-01
8.980234e-01
8.897781e-01
9.238676e-01
8.960414e-01
8.045132e-01
9.435965e-01
9.898475e-01
8.885470e-01
8.863567e-01
8.848912e-01
9.233112e-01
8.886790e-01
9.557257e-01
8.411116e-01
7.540750e-01
9.250603e-01
7.737644e-01
8.734880e-01
7.417467e-01
9.726353e-01
9.827049e-01
8.332612e-01
6.732354e-01
8.324375e-01
9.649677e-01
9.090452e-01
8.041532e-01
1.000516e+00
9.861788e-01
9.202848e-01
9.261533e-01
7.988784e-01
9.691839e-01
8.797322e-01
8.746690e-01
9.323118e-01
8.999830e-01
8.749689e-01
1.001715e+00
8.589861e-01
9.212680e-01
7.493636e-01
9.240736e-01
1.016686e+00
8.373878e-01
9.888693e-01
7.280469e-01
8.995667e-01
9.206806e-01
6.185137e-01
7.741613e-01
9.043072e-01
9.111413e-01
9.808958e-01
1.001844e+00
8.812324e-01
9.804211e-01
9.577216e-01
8.298891e-01
8.243038e-01
9.663737e-01
9.559499e-01
9.042673e-01
6.069290e-01
9.791304e-01
8.629617e-01
8.569709e-01
9.029295e-01
8.026787e-01
8.590733e-01
8.756867e-01
8.948310e-01
9.656689e-01
9.498582e-01
8.239727e-01
9.423371e-01
9.889540e-01
9.324230e-01
8.739491e-01
9.745552e-01
9.856621e-01
8.817641e-01
8.851820e-01
9.747175e-01
8.874169e-01
9.357688e-01
9.655184e-01
7.809571e-01
9.334395e-01
7.653140e-01
8.458807e-01
9.629406e-01
9.784833e-01
7.342716e-01
9.748646e-01
9.034477e-01
8.489348e-01
8.811777e-01
8.812175e-01
9.506273e-01
8.868617e-01
8.661877e-01
9.417660e-01
9.638763e-01
8.645974e-01
9.262416e-01
9.240807e-01
9.793295e-01
8.835721e-01
9.492774e-01
9.401329e-01
9.331604e-01
1.000309e+00
9.187914e-01
8.259879e-01
9.570488e-01
9.503361e-01
9.565824e-01
8.981012e-01
8.482498e-01
8.990274e-01
1.000629e+00
8.902673e-01
9.028821e-01
9.390885e-01
8.450235e-01
8.054932e-01
9.375556e-01
8.957028e-01
9.079135e-01
8.834715e-01
9.407391e-01
9.577936e-01
9.984951e-01
8.645086e-01
9.371347e-01
7.987229e-01
8.947706e-01
8.960168e-01
9.366062e-01
9.669203e-01
8.414906e-01
9.524831e-01
7.167806e-01
9.215023e-01
8.879206e-01
9.128084e-01
8.677496e-01
9.915171e-01
8.524159e-01
8.383773e-01
1.012201e+00
6.529948e-01
1.008529e+00
9.233308e-01
8.367950e-01
9.376462e-01
9.528861e-01
9.234574e-01
9.437537e-01
8.841115e-01
9.951401e-01
8.307687e-01
1.020781e+00
7.235699e-01
9.237869e-01
9.368546e-01
9.333724e-01
9.650047e-01
8.857997e-01
8.973272e-01
9.622597e-01
9.238726e-01
9.068781e-01
9.457071e-01
9.684266e-01
9.154513e-01
9.702120e-01
9.464488e-01
9.079190e-01
9.077891e-01
9.055149e-01
8.829255e-01
8.248215e-01
7.930389e-01
9.470313e-01
9.872782e-01
9.693797e-01
9.186641e-01
8.847089e-01
9.127861e-01
9.555484e-01
8.361311e-01
8.025911e-01
9.197768e-01
9.362437e-01
9.036867e-01
9.029420e-01
9.703866e-01
9.565760e-01
8.842526e-01
9.601407e-01
6.253880e-01
9.414658e-01
9.144019e-01
9.189085e-01
9.705028e-01
7.078898e-01
9.967760e-01
8.926585e-01
9.363137e-01
9.505620e-01
9.465903e-01
8.476576e-01
6.856840e-01
8.848375e-01
8.109141e-01
9.958682e-01
9.823533e-01
8.768151e-01
9.365060e-01
6.369058e-01
9.266903e-01
9.543884e-01
7.401488e-01
9.189783e-01
8.621689e-01
8.397216e-01
9.602450e-01
9.864346e-01
9.162891e-01
9.764588e-01
9.559862e-01
8.259805e-01
9.492005e-01
8.928525e-01
9.779381e-01
9.294054e-01
9.010249e-01
9.564332e-01
9.646049e-01
9.213716e-01
9.628476e-01
9.236076e-01
8.098463e-01
8.427459e-01
8.579780e-01
9.312346e-01
8.868078e-01
9.034477e-01
9.807188e-01
9.412515e-01
9.930431e-01
9.052180e-01
8.754353e-01
9.360325e-01
9.631862e-01
9.137730e-01
8.506594e-01
8.885122e-01
7.980404e-01
9.066515e-01
8.000717e-01
9.577372e-01
9.527922e-01
9.439585e-01
9.465617e-01
8.879927e-01
8.899673e-01
7.892475e-01
9.007943e-01
9.338013e-01
9.570151e-01
8.295032e-01
9.387005e-01
9.227669e-01
8.957082e-01
8.681673e-01
9.300432e-01
8.269538e-01
9.165223e-01
8.728955e-01
9.218390e-01
8.554789e-01
9.183086e-01
6.572384e-01
8.793852e-01
7.405789e-01
9.829314e-01
8.914778e-01
6.901988e-01
9.450639e-01
9.131290e-01
9.573357e-01
9.152790e-01
8.672529e-01
8.910045e-01
9.328171e-01
8.845999e-01
9.483724e-01
8.764037e-01
9.377968e-01
8.726716e-01
9.735444e-01
8.684533e-01
8.729849e-01
9.153897e-01
7.621977e-01
9.165996e-01
6.003655e-01
9.313125e-01
8.516263e-01
9.594849e-01
9.212503e-01
9.541582e-01
8.603791e-01
9.533862e-01
9.092309e-01
9.203331e-01
9.528494e-01
9.211038e-01
9.473642e-01
9.605564e-01
8.610057e-01
9.862341e-01
9.865017e-01
9.412454e-01
7.634263e-01
6.324206e-01
9.761516e-01
9.721232e-01
8.701500e-01
9.192850e-01
9.618616e-01
9.625218e-01
9.450274e-01
9.426749e-01
9.006685e-01
8.039603e-01
8.831431e-01
9.175445e-01
7.326837e-01
9.655056e-01
9.985770e-01
9.184666e-01
7.825864e-01
8.642763e-01
8.149574e-01
8.869432e-01
9.932606e-01
8.870082e-01
9.744358e-01
9.819964e-01
6.406074e-01
9.327313e-01
9.601029e-01
9.447443e-01
8.372704e-01
9.560717e-01
9.711361e-01
8.555675e-01
8.812261e-01
8.412313e-01
9.635348e-01
9.654507e-01
7.914158e-01
9.558678e-01
9.564234e-01
9.438683e-01
8.936688e-01
9.547997e-01
8.897466e-01
8.895884e-01
8.061524e-01
9.876223e-01
9.486101e-01
7.327289e-01
9.472828e-01
9.757267e-01
9.405397e-01
9.832214e-01
9.433432e-01
9.705995e-01
9.271988e-01
9.577463e-01
9.404627e-01
8.965622e-01
8.662554e-01
9.980026e-01
9.458092e-01
8.985298e-01
9.078123e-01
8.647381e-01
8.214999e-01
9.518817e-01
8.603669e-01
9.308605e-01
9.709339e-01
9.344154e-01
8.524114e-01
9.627298e-01
7.000664e-01
9.132201e-01
8.144994e-01
9.261570e-01
8.634713e-01
9.678442e-01
9.034490e-01
8.172447e-01
7.590955e-01
9.350652e-01
9.725683e-01
9.765302e-01
9.916140e-01
8.866618e-01
8.734613e-01
8.965429e-01
9.011542e-01
7.830366e-01
9.277556e-01
8.627961e-01
9.616756e-01
8.443222e-01
9.076202e-01
9.061544e-01
8.413491e-01
9.251845e-01
8.957886e-01
9.877314e-01
8.858632e-01
8.780001e-01
8.065656e-01
7.137718e-01
7.468255e-01
9.201657e-01
9.127359e-01
8.279153e-01
7.394432e-01
8.712715e-01
1.009316e+00
9.028286e-01
9.125259e-01
9.953919e-01
9.736056e-01
9.683680e-01
8.923398e-01
9.756461e-01
9.365759e-01
9.017859e-01
9.397011e-01
9.297679e-01
9.548351e-01
9.157451e-01
8.457933e-01
8.588465e-01
9.757823e-01
9.523999e-01
9.256496e-01
9.531279e-01
9.051420e-01
8.460183e-01
9.523340e-01
9.169960e-01
8.565702e-01
8.695797e-01
9.776999e-01
9.199761e-01
7.885347e-01
9.848812e-01
8.929349e-01
9.528885e-01
8.368979e-01
8.900938e-01
8.902310e-01
9.521877e-01
9.766563e-01
9.631706e-01
7.734745e-01
9.251695e-01
9.026702e-01
9.654768e-01
8.883548e-01
9.070291e-01
9.114142e-01
9.326672e-01
9.496812e-01
9.250082e-01
9.401820e-01
7.487091e-01
8.071965e-01
9.511381e-01
8.578030e-01
8.528100e-01
8.680176e-01
9.706350e-01
8.240704e-01
9.495521e-01
9.360288e-01
8.681231e-01
9.342299e-01
7.689454e-01
9.724773e-01
9.143890e-01
7.974886e-01
9.500800e-01
8.330883e-01
7.478919e-01
8.207652e-01
9.230734e-01
9.283419e-01
9.043683e-01
8.522036e-01
8.946135e-01
9.430080e-01
9.186119e-01
9.370897e-01
8.086713e-01
8.420677e-01
7.872724e-01
9.557234e-01
9.524814e-01
9.200404e-01
8.320999e-01
9.051323e-01
8.153775e-01
8.347812e-01
9.249115e-01
9.074571e-01
7.317253e-01
9.797025e-01
9.273717e-01
9.149564e-01
8.852189e-01
9.166209e-01
9.378500e-01
9.983875e-01
8.632585e-01
6.672297e-01
8.694018e-01
8.332605e-01
1.014673e+00
8.032405e-01
8.538058e-01
9.007318e-01
8.131155e-01
9.144237e-01
9.088081e-01
8.820949e-01
8.196167e-01
9.353754e-01
9.650271e-01
9.223652e-01
8.912224e-01
8.695932e-01
9.714286e-01
8.169554e-01
9.361204e-01
8.753087e-01
7.801785e-01
9.024183e-01
9.070754e-01
9.160422e-01
9.133224e-01
9.967419e-01
9.085990e-01
9.301488e-01
9.635497e-01
8.981771e-01
9.296544e-01
7.235918e-01
9.812545e-01
9.614488e-01
8.851035e-01
9.890635e-01
9.250884e-01
8.849382e-01
7.308459e-01
9.624378e-01
8.842801e-01
9.294680e-01
9.034564e-01
9.168503e-01
9.204395e-01
9.074843e-01
7.048267e-01
8.304443e-01
9.736264e-01
8.034034e-01
1.010253e+00
8.603849e-01
9.639456e-01
7.517174e-01
9.532342e-01
9.139582e-01
7.056792e-01
8.393806e-01
9.750504e-01
8.795601e-01
6.500553e-01
9.425763e-01
9.580352e-01
8.598378e-01
1.014735e+00
8.183405e-01
9.832784e-01
9.563194e-01
8.636077e-01
8.437396e-01
7.014653e-01
8.697155e-01
9.456143e-01
9.743933e-01
9.941816e-01
9.429943e-01
7.943845e-01
9.643535e-01
8.354356e-01
8.792710e-01
7.550684e-01
8.932525e-01
8.023673e-01
8.096557e-01
1.006502e+00
9.681442e-01
9.097375e-01
8.792135e-01
9.532334e-01
9.591166e-01
8.313524e-01
9.744354e-01
9.655684e-01
8.629519e-01
9.363197e-01
7.826924e-01
9.245743e-01
8.556985e-01
8.634347e-01
9.527468e-01
1.005143e+00
9.654091e-01
9.341628e-01
9.098258e-01
9.127250e-01
9.123963e-01
9.040544e-01
9.879988e-01
9.597466e-01
9.344630e-01
9.254996e-01
7.264983e-01
9.636916e-01
8.876357e-01
9.081098e-01
8.188392e-01
9.718881e-01
7.305714e-01
9.434883e-01
8.471816e-01
8.577761e-01
9.573972e-01
8.496608e-01
9.269330e-01
8.659822e-01
9.605162e-01
9.361415e-01
8.427867e-01
9.136009e-01
9.286636e-01
9.851911e-01
7.658588e-01
8.822753e-01
9.191196e-01
9.283600e-01
8.862834e-01
9.687813e-01
8.816449e-01
9.373242e-01
9.866957e-01
8.132105e-01
7.910052e-01
9.162900e-01
8.840015e-01
9.374695e-01
8.334274e-01
9.644124e-01
9.602393e-01
9.252366e-01
9.150973e-01
9.568831e-01
9.171702e-01
9.685407e-01
9.511916e-01
9.016055e-01
7.976419e-01
8.897772e-01
8.414396e-01
9.292281e-01
9.003696e-01
7.441590e-01
8.808024e-01
8.714451e-01
9.396809e-01
9.931751e-01
9.425925e-01
9.583850e-01
8.690604e-01
9.632395e-01
9.516005e-01
9.379284e-01
8.896024e-01
8.630845e-01
9.674756e-01
8.817663e-01
9.576676e-01
7.855599e-01
8.467705e-01
7.697151e-01
8.618673e-01
9.605162e-01
9.481130e-01
9.873402e-01
8.915056e-01
8.862368e-01
8.111992e-01
6.883720e-01
9.680567e-01
9.307740e-01
9.802410e-01
8.198140e-01
9.330286e-01
9.412362e-01
9.362059e-01
9.289570e-01
9.149191e-01
9.897099e-01
9.854527e-01
9.631199e-01
9.594867e-01
9.070324e-01
8.947876e-01
6.785042e-01
9.317622e-01
9.772745e-01
8.688291e-01
9.224267e-01
9.697726e-01
9.658308e-01
8.146582e-01
9.387012e-01
9.467947e-01
8.820057e-01
8.044839e-01
7.597749e-01
9.648050e-01
9.740795e-01
9.289601e-01
9.396030e-01
9.784256e-01
8.934602e-01
9.261608e-01
8.971470e-01
8.573361e-01
8.886816e-01
8.625762e-01
9.304288e-01
9.057297e-01
8.600179e-01
9.255921e-01
8.281417e-01
9.114905e-01
8.498839e-01
8.896105e-01
7.609247e-01
9.401383e-01
8.888098e-01
9.636894e-01
9.918322e-01
9.812232e-01
9.210372e-01
9.605835e-01
9.276285e-01
9.547168e-01
7.838226e-01
9.264201e-01
9.201783e-01
8.773115e-01
9.378427e-01
9.956056e-01
7.865202e-01
8.714713e-01
1.007441e+00
9.221073e-01
8.420707e-01
6.556084e-01
8.732084e-01
9.206585e-01
7.740120e-01
8.721703e-01
9.506839e-01
8.865194e-01
8.260494e-01
9.167007e-01
8.812062e-01
9.650633e-01
9.517159e-01
9.495855e-01
8.413241e-01
8.764094e-01
9.402484e-01
7.664654e-01
9.376761e-01
9.956280e-01
9.677412e-01
9.145207e-01
9.389785e-01
9.607152e-01
8.301783e-01
9.695909e-01
9.028891e-01
8.726911e-01
7.758868e-01
9.030599e-01
9.603351e-01
9.627742e-01
8.971714e-01
7.379005e-01
9.109569e-01
7.146796e-01
9.768974e-01
9.265436e-01
9.569386e-01
9.481216e-01
9.656359e-01
9.812908e-01
9.578825e-01
8.713011e-01
9.251695e-01
9.760386e-01
9.280787e-01
9.029465e-01
8.366108e-01
9.514939e-01
7.410183e-01
1.007483e+00
1.005658e+00
8.191680e-01
9.653191e-01
9.197373e-01
9.534198e-01
9.270072e-01
9.651086e-01
9.591418e-01
8.930699e-01
8.711381e-01
9.597598e-01
9.092956e-01
9.257309e-01
8.499041e-01
8.478600e-01
8.807026e-01
9.116823e-01
9.136499e-01
9.329706e-01
9.800101e-01
8.507980e-01
8.750709e-01
7.374558e-01
7.809665e-01
9.205566e-01
9.592545e-01
8.991939e-01
9.628994e-01
8.276481e-01
9.860592e-01
8.287340e-01
9.160391e-01
9.110210e-01
7.799590e-01
8.657013e-01
9.202180e-01
8.858223e-01
9.395234e-01
9.028240e-01
9.545952e-01
9.114033e-01
9.499413e-01
9.712498e-01
8.658657e-01
9.742783e-01
8.523244e-01
9.377694e-01
8.190966e-01
9.912279e-01
8.991100e-01
8.640643e-01
9.544603e-01
9.486499e-01
9.796488e-01
9.730342e-01
8.393986e-01
9.049509e-01
9.796673e-01
8.810864e-01
9.454399e-01
9.482755e-01
8.803111e-01
9.470091e-01
9.215323e-01
9.174515e-01
8.261081e-01
9.376845e-01
8.840852e-01
9.672100e-01
9.000651e-01
7.445913e-01
9.911681e-01
8.552172e-01
9.585954e-01
9.610202e-01
9.005617e-01
9.640600e-01
9.836102e-01
8.825532e-01
9.579726e-01
8.798812e-01
9.182778e-01
9.972997e-01
9.357270e-01
9.404173e-01
9.312357e-01
9.857851e-01
8.801305e-01
8.118533e-01
8.314343e-01
8.685580e-01
7.977008e-01
8.007974e-01
9.121658e-01
9.055702e-01
8.266857e-01
8.944828e-01
9.271536e-01
8.899760e-01
8.437099e-01
8.684454e-01
8.659236e-01
8.912609e-01
8.269757e-01
9.071922e-01
1.005824e+00
9.340665e-01
8.702789e-01
9.840711e-01
9.441987e-01
9.174667e-01
9.375649e-01
9.665602e-01
9.728578e-01
9.374410e-01
9.610767e-01
9.690833e-01
9.495676e-01
9.858964e-01
9.372382e-01
8.613445e-01
9.495763e-01
1.014229e+00
9.711444e-01
9.415928e-01
9.392035e-01
9.596560e-01
9.626736e-01
9.428670e-01
8.558375e-01
9.104283e-01
8.762141e-01
8.724265e-01
8.425618e-01
9.231467e-01
9.318825e-01
7.978191e-01
9.755522e-01
9.397970e-01
9.836573e-01
9.508843e-01
7.804545e-01
9.688610e-01
9.306429e-01
9.018700e-01
8.040486e-01
8.836015e-01
8.691672e-01
8.333746e-01
9.217451e-01
9.203894e-01
7.441859e-01
8.882118e-01
7.887566e-01
9.392933e-01
9.045363e-01
9.472586e-01
7.955342e-01
9.522903e-01
9.216176e-01
9.724628e-01
9.550514e-01
9.608742e-01
8.946203e-01
9.570183e-01
7.506599e-01
9.911379e-01
9.652635e-01
8.069886e-01
8.089662e-01
9.179473e-01
9.783511e-01
9.485709e-01
9.564752e-01
8.750523e-01
9.153317e-01
9.822561e-01
8.811940e-01
9.284856e-01
8.701645e-01
9.745378e-01
7.477818e-01
7.687621e-01
9.912083e-01
7.490760e-01
9.311803e-01
9.083930e-01
9.397660e-01
8.958720e-01
8.434663e-01
9.683540e-01
8.026820e-01
9.512613e-01
9.157090e-01
9.753217e-01
8.492773e-01
8.581708e-01
8.843184e-01
9.174187e-01
9.291490e-01
9.740363e-01
8.830153e-01
1.005342e+00
9.198474e-01
9.313544e-01
9.292099e-01
9.322091e-01
9.329940e-01
9.177637e-01
8.258662e-01
8.407596e-01
9.474373e-01
8.561051e-01
8.185673e-01
8.569265e-01
8.946046e-01
9.138113e-01
8.603053e-01
9.762490e-01
8.935603e-01
8.698008e-01
9.166356e-01
9.470438e-01
9.362896e-01
9.069642e-01
7.832121e-01
8.640335e-01
9.109381e-01
9.441223e-01
9.413294e-01
9.876260e-01
9.364045e-01
9.593314e-01
9.676017e-01
9.041168e-01
9.036427e-01
8.659314e-01
9.506235e-01
9.047663e-01
7.884807e-01
9.516873e-01
9.206545e-01
9.710079e-01
9.221612e-01
8.319345e-01
8.850914e-01
9.713580e-01
9.352777e-01
8.571097e-01
9.727923e-01
9.023900e-01
9.625714e-01
9.917550e-01
9.514990e-01
9.536992e-01
9.436926e-01
8.659894e-01
9.032458e-01
9.516358e-01
1.051607e+00
8.184658e-01
9.511430e-01
9.589560e-01
8.320780e-01
9.860343e-01
9.776435e-01
9.424401e-01
9.299461e-01
9.554944e-01
9.199133e-01
9.625239e-01
9.351584e-01
9.208712e-01
8.427712e-01
9.473395e-01
8.254928e-01
9.438723e-01
9.569853e-01
9.341558e-01
8.021460e-01
9.267494e-01
9.314154e-01
9.797983e-01
7.176113e-01
7.925278e-01
9.074960e-01
8.890507e-01
9.793478e-01
9.328961e-01
9.005669e-01
6.452677e-01
1.009027e+00
7.331859e-01
9.788079e-01
9.187733e-01
9.588164e-01
9.559329e-01
8.619476e-01
8.731658e-01
9.207367e-01
8.570536e-01
7.613317e-01
7.597408e-01
7.916790e-01
8.871684e-01
8.981793e-01
8.582381e-01
9.154276e-01
8.749469e-01
8.920695e-01
1.005937e+00
9.572633e-01
8.314351e-01
9.751247e-01
8.103624e-01
8.876792e-01
9.371398e-01
9.340548e-01
6.648850e-01
8.882765e-01
9.261506e-01
8.833931e-01
9.723275e-01
9.562868e-01
8.872877e-01
8.901158e-01
9.559289e-01
9.412762e-01
8.779948e-01
9.304705e-01
9.298327e-01
9.689550e-01
8.463844e-01
8.280123e-01
8.664676e-01
9.768882e-01
1.015427e+00
8.226073e-01
8.251474e-01
9.545463e-01
9.288553e-01
1.012697e+00
5.796024e-01
8.531214e-01
7.867439e-01
9.689656e-01
8.708587e-01
8.535140e-01
9.451668e-01
8.415991e-01
9.503166e-01
8.706923e-01
9.243925e-01
8.252374e-01
8.711128e-01
9.148126e-01
8.898871e-01
8.958430e-01
8.133550e-01
9.996810e-01
9.168945e-01
7.779400e-01
9.810710e-01
9.468469e-01
9.186392e-01
8.849348e-01
9.191537e-01
8.977925e-01
9.704263e-01
9.211424e-01
1.005523e+00
9.534591e-01
9.714680e-01
9.286785e-01
8.197453e-01
9.454429e-01
8.465542e-01
9.619731e-01
8.939539e-01
8.810659e-01
9.390666e-01
8.087816e-01
9.025020e-01
9.009515e-01
9.711878e-01
8.737645e-01
8.781148e-01
9.576628e-01
7.975973e-01
8.523368e-01
9.551731e-01
9.532403e-01
9.634352e-01
9.650599e-01
8.852171e-01
9.710962e-01
8.312829e-01
9.707754e-01
9.765889e-01
8.809001e-01
8.779319e-01
9.102291e-01
9.449474e-01
8.194497e-01
9.457919e-01
8.117147e-01
7.901354e-01
8.646994e-01
9.477777e-01
9.980626e-01
9.599734e-01
8.127137e-01
9.665320e-01
9.124387e-01
9.587041e-01
9.467844e-01
9.900522e-01
9.119205e-01
9.969718e-01
6.932930e-01
9.331059e-01
9.487932e-01
1.004500e+00
9.389089e-01
9.683336e-01
9.370858e-01
9.597748e-01
9.887226e-01
9.170356e-01
9.207449e-01
9.143497e-01
9.155744e-01
9.068693e-01
8.639228e-01
8.383395e-01
9.081611e-01
8.475333e-01
9.880299e-01
9.894319e-01
8.911398e-01
9.642657e-01
9.597696e-01
9.301245e-01
9.506748e-01
9.705192e-01
7.732617e-01
9.328352e-01
9.648759e-01
7.940986e-01
8.494896e-01
9.527068e-01
9.524539e-01
7.660815e-01
8.742614e-01
9.511342e-01
9.744721e-01
9.694511e-01
8.973439e-01
9.560811e-01
9.493362e-01
9.134026e-01
9.253182e-01
1.019272e+00
8.997294e-01
9.553791e-01
8.368042e-01
9.787251e-01
8.567036e-01
8.710243e-01
9.623775e-01
9.339845e-01
9.637460e-01
8.993303e-01
9.262261e-01
9.598950e-01
8.356899e-01
9.228710e-01
7.290608e-01
8.734767e-01
9.427281e-01
9.822393e-01
9.091300e-01
9.630536e-01
9.156457e-01
6.833236e-01
9.639716e-01
9.000021e-01
9.018617e-01
9.361598e-01
9.420218e-01
9.301044e-01
9.628596e-01
9.564304e-01
9.700897e-01
8.558960e-01
9.565076e-01
7.837747e-01
9.101876e-01
9.759919e-01
9.106978e-01
9.519047e-01
8.918105e-01
8.021941e-01
9.640688e-01
8.667419e-01
9.249848e-01
7.588522e-01
9.328063e-01
9.409061e-01
8.815471e-01
9.280467e-01
7.791246e-01
9.493026e-01
8.566869e-01
8.468117e-01
9.544812e-01
8.928624e-01
9.720832e-01
9.064011e-01
8.725395e-01
9.435119e-01
9.473881e-01
8.879762e-01
9.230699e-01
8.086038e-01
9.348069e-01
9.585211e-01
8.688932e-01
9.648300e-01
8.537834e-01
8.946124e-01
8.317012e-01
9.346481e-01
9.918477e-01
9.682833e-01
9.444804e-01
9.479064e-01
8.100321e-01
9.750815e-01
9.293408e-01
9.564267e-01
9.281463e-01
9.270287e-01
9.119664e-01
9.864732e-01
9.868524e-01
9.606778e-01
8.619590e-01
7.925018e-01
1.010064e+00
8.746533e-01
5.885439e-01
9.485774e-01
9.291318e-01
9.459776e-01
9.525539e-01
8.684510e-01
9.519086e-01
9.499392e-01
9.064704e-01
7.747894e-01
9.289661e-01
1.014988e+00
8.510116e-01
9.700259e-01
8.882552e-01
1.008431e+00
9.628026e-01
9.268288e-01
9.093220e-01
8.564581e-01
8.788587e-01
9.991877e-01
8.353911e-01
8.572598e-01
9.500572e-01
1.002880e+00
8.638852e-01
9.303363e-01
1.028762e+00
8.463004e-01
9.641120e-01
9.741105e-01
9.505367e-01
8.716942e-01
8.056675e-01
8.726576e-01
9.504936e-01
8.822080e-01
9.951659e-01
9.191021e-01
8.731326e-01
9.243687e-01
8.320836e-01
9.124246e-01
9.635182e-01
8.554812e-01
9.551119e-01
9.455173e-01
9.540425e-01
8.958277e-01
9.899139e-01
9.558017e-01
8.519774e-01
9.541916e-01
9.175603e-01
8.286005e-01
7.861759e-01
1.005208e+00
9.350436e-01
9.641449e-01
9.108242e-01
8.552506e-01
9.532922e-01
9.579094e-01
9.580415e-01
9.409401e-01
9.348988e-01
9.314504e-01
9.171926e-01
9.291462e-01
9.876238e-01
8.516917e-01
9.032773e-01
8.775292e-01
8.923848e-01
9.221717e-01
7.438378e-01
8.732771e-01
9.464494e-01
8.432494e-01
9.747003e-01
9.226601e-01
9.084045e-01
9.685688e-01
8.262129e-01
8.822691e-01
9.048194e-01
8.927331e-01
8.483738e-01
9.698903e-01
8.323690e-01
9.668264e-01
8.329320e-01
9.007818e-01
8.940246e-01
1.015582e+00
9.204072e-01
9.927928e-01
8.052031e-01
9.283466e-01
9.434693e-01
9.962721e-01
9.782264e-01
9.318284e-01
9.176180e-01
9.757025e-01
9.236261e-01
9.467384e-01
9.056256e-01
9.427070e-01
8.812953e-01
8.702495e-01
9.678857e-01
8.080933e-01
9.450584e-01
9.678252e-01
6.988759e-01
9.583791e-01
8.473678e-01
9.277051e-01
9.475120e-01
9.664466e-01
9.643460e-01
1.020690e+00
9.598287e-01
9.329456e-01
8.431529e-01
9.120030e-01
9.642195e-01
7.579695e-01
9.596386e-01
9.217031e-01
9.448949e-01
8.869162e-01
9.840572e-01
8.326754e-01
8.384649e-01
8.960426e-01
9.406788e-01
9.510521e-01
8.747372e-01
9.459602e-01
9.013730e-01
6.136248e-01
8.967215e-01
7.032989e-01
8.365551e-01
9.469981e-01
9.448416e-01
9.525866e-01
8.965883e-01
8.189826e-01
9.618228e-01
9.760273e-01
8.784407e-01
9.857821e-01
8.539685e-01
9.890181e-01
7.950918e-01
9.764598e-01
9.632380e-01
9.611956e-01
9.380837e-01
8.700168e-01
9.543152e-01
9.497888e-01
8.904744e-01
8.980594e-01
9.671340e-01
9.571128e-01
8.851418e-01
9.044262e-01
8.821485e-01
1.009007e+00
9.212316e-01
9.248475e-01
9.006167e-01
1.017217e+00
9.553638e-01
9.229030e-01
8.344661e-01
8.701874e-01
9.454609e-01
9.299910e-01
8.347074e-01
9.125801e-01
9.207215e-01
8.222504e-01
9.236589e-01
9.686561e-01
7.764958e-01
8.775993e-01
8.454936e-01
9.372970e-01
9.787328e-01
7.486311e-01
7.907065e-01
8.847918e-01
8.391297e-01
1.027975e+00
9.095684e-01
8.973042e-01
9.591505e-01
9.211505e-01
8.705310e-01
8.748184e-01
9.461079e-01
7.957055e-01
9.454904e-01
8.273104e-01
9.651388e-01
7.264197e-01
8.845268e-01
9.218857e-01
7.213743e-01
9.146051e-01
9.746222e-01
7.896112e-01
9.564194e-01
8.555584e-01
8.444743e-01
9.974463e-01
9.232286e-01
9.480789e-01
9.440158e-01
9.261281e-01
9.042743e-01
8.824379e-01
9.213794e-01
9.244667e-01
8.419718e-01
8.714832e-01
8.373504e-01
9.419761e-01
9.063241e-01
9.826564e-01
9.385939e-01
8.944892e-01
9.399452e-01
9.351660e-01
9.067906e-01
7.707311e-01
9.639945e-01
9.456454e-01
9.331069e-01
9.481276e-01
8.969524e-01
9.401158e-01
9.347331e-01
8.947849e-01
9.768497e-01
7.915085e-01
9.910564e-01
8.861617e-01
8.769130e-01
9.925511e-01
8.610470e-01
8.283493e-01
9.791043e-01
9.820635e-01
9.047616e-01
8.183160e-01
9.838077e-01
8.025793e-01
8.774521e-01
9.588314e-01
9.318016e-01
8.092076e-01
8.490335e-01
9.437773e-01
9.470992e-01
8.245432e-01
8.858558e-01
9.613297e-01
1.011212e+00
9.754437e-01
9.752182e-01
8.826417e-01
8.137157e-01
9.185561e-01
9.315779e-01
7.031896e-01
9.366896e-01
9.110044e-01
8.797025e-01
9.661848e-01
9.217416e-01
9.424039e-01
9.850461e-01
8.622664e-01
8.250275e-01
9.148224e-01
9.597277e-01
9.358913e-01
9.116157e-01
1.014847e+00
8.537167e-01
9.056585e-01
9.536709e-01
9.682685e-01
9.117187e-01
9.238338e-01
9.268262e-01
9.846001e-01
9.036504e-01
8.980450e-01
8.128221e-01
9.337497e-01
6.949136e-01
8.839488e-01
7.288612e-01
9.547032e-01
9.750088e-01
9.476744e-01
9.433290e-01
7.772531e-01
8.552240e-01
9.566087e-01
9.371483e-01
9.310073e-01
9.668576e-01
9.762856e-01
9.580392e-01
8.953740e-01
9.786000e-01
9.403103e-01
9.390138e-01
9.723686e-01
9.559401e-01
1.000969e+00
9.461214e-01
9.038771e-01
9.529836e-01
9.410561e-01
9.605651e-01
9.298111e-01
9.335391e-01
8.306045e-01
9.284926e-01
9.657896e-01
7.662402e-01
9.270266e-01
8.907000e-01
8.532904e-01
9.550074e-01
9.383275e-01
8.844378e-01
9.566870e-01
9.181119e-01
9.807932e-01
9.387923e-01
9.194755e-01
8.672882e-01
8.593345e-01
8.940258e-01
7.070234e-01
9.454128e-01
8.643256e-01
9.170438e-01
6.686497e-01
9.686946e-01
9.398180e-01
8.856527e-01
9.720833e-01
9.159393e-01
9.163379e-01
8.415360e-01
9.162583e-01
8.769089e-01
9.727014e-01
9.382759e-01
8.307533e-01
8.615813e-01
8.795592e-01
9.727595e-01
7.879342e-01
9.264986e-01
8.500517e-01
9.647868e-01
9.846307e-01
8.801654e-01
9.386118e-01
9.219940e-01
9.391005e-01
9.351190e-01
9.212197e-01
9.396469e-01
9.723582e-01
9.117337e-01
9.551305e-01
8.788696e-01
8.393421e-01
9.326533e-01
9.120581e-01
8.792489e-01
7.665443e-01
9.003706e-01
9.696481e-01
9.385435e-01
8.950373e-01
9.469213e-01
9.718405e-01
9.080337e-01
9.194524e-01
9.441574e-01
9.218256e-01
6.734890e-01
7.723629e-01
7.745986e-01
9.436020e-01
9.612943e-01
8.405777e-01
9.469081e-01
9.285323e-01
9.307795e-01
9.805178e-01
9.136583e-01
9.697537e-01
9.700639e-01
9.446196e-01
9.807351e-01
9.909157e-01
9.056035e-01
8.710047e-01
8.909077e-01
7.394120e-01
8.673173e-01
8.589601e-01
9.851812e-01
1.038471e+00
9.620464e-01
8.466733e-01
9.498527e-01
9.390044e-01
8.807559e-01
9.363589e-01
9.139172e-01
8.836894e-01
8.058244e-01
9.663591e-01
9.083775e-01
9.271045e-01
9.455412e-01
9.658146e-01
9.689534e-01
8.811550e-01
7.764478e-01
9.305241e-01
9.682180e-01
9.225866e-01
9.701949e-01
8.724516e-01
9.151141e-01
9.541937e-01
9.393604e-01
9.503795e-01
9.456668e-01
1.072062e+00
9.028609e-01
6.887391e-01
9.437923e-01
8.273207e-01
9.399479e-01
9.995248e-01
9.483855e-01
7.779263e-01
9.232579e-01
8.082242e-01
8.970203e-01
8.662021e-01
8.308914e-01
9.769430e-01
9.188419e-01
9.712765e-01
8.603957e-01
8.701346e-01
9.821307e-01
8.041986e-01
9.167401e-01
9.900713e-01
8.968883e-01
9.575373e-01
8.946477e-01
9.941342e-01
8.702335e-01
8.056583e-01
8.422389e-01
8.450657e-01
9.353630e-01
9.800004e-01
8.974886e-01
1.013194e+00
7.765098e-01
9.685034e-01
9.377098e-01
8.582744e-01
9.733493e-01
5.629465e-01
8.542675e-01
9.782178e-01
9.527349e-01
9.325526e-01
7.920102e-01
9.531988e-01
9.553597e-01
8.982326e-01
8.858327e-01
8.998773e-01
8.302093e-01
8.404553e-01
8.559021e-01
8.479517e-01
9.499118e-01
5.921853e-01
9.454334e-01
9.895303e-01
7.370310e-01
9.592790e-01
9.007330e-01
9.180226e-01
8.784513e-01
8.756522e-01
6.003144e-01
9.642084e-01
9.480395e-01
9.677958e-01
9.723629e-01
9.424851e-01
9.075709e-01
9.205573e-01
9.345869e-01
8.396030e-01
9.144569e-01
9.483334e-01
9.738872e-01
9.218990e-01
9.355116e-01
8.805004e-01
8.573270e-01
9.870042e-01
9.204654e-01
9.684343e-01
9.734495e-01
9.251056e-01
8.898156e-01
8.614808e-01
9.532467e-01
7.955698e-01
7.883713e-01
9.931195e-01
9.798298e-01
7.937854e-01
9.560605e-01
9.319214e-01
8.193062e-01
8.691885e-01
9.572052e-01
8.399039e-01
8.978174e-01
9.142519e-01
8.208796e-01
9.306546e-01
9.264949e-01
9.689782e-01
8.140750e-01
7.495723e-01
8.702049e-01
8.154238e-01
9.300025e-01
9.205937e-01
9.473060e-01
8.594558e-01
9.303377e-01
9.021682e-01
9.099824e-01
8.836061e-01
9.905324e-01
9.320463e-01
7.196315e-01
7.778272e-01
9.927990e-01
9.326827e-01
8.750622e-01
9.223906e-01
9.585536e-01
9.796685e-01
9.449385e-01
9.342351e-01
8.817082e-01
8.661768e-01
9.443735e-01
9.113330e-01
8.896342e-01
9.001836e-01
1.024167e+00
8.394522e-01
9.222822e-01
9.160712e-01
9.722816e-01
8.876126e-01
7.361815e-01
9.594180e-01
9.571497e-01
9.882712e-01
9.126206e-01
9.314601e-01
9.375246e-01
8.436212e-01
9.686222e-01
9.391976e-01
9.751849e-01
8.752700e-01
8.607214e-01
8.349689e-01
9.245919e-01
9.529456e-01
9.849066e-01
9.444672e-01
8.012136e-01
9.848989e-01
9.404289e-01
8.678839e-01
9.479562e-01
8.944808e-01
9.373838e-01
9.818986e-01
8.733833e-01
9.707630e-01
9.475881e-01
8.674644e-01
6.601918e-01
9.082042e-01
9.312746e-01
7.358062e-01
8.903108e-01
8.475889e-01
8.580672e-01
9.796618e-01
9.184882e-01
7.890860e-01
9.845729e-01
8.193452e-01
8.002251e-01
8.434881e-01
9.826843e-01
9.305346e-01
8.946349e-01
9.335057e-01
8.789297e-01
9.350971e-01
9.255323e-01
8.668167e-01
9.425873e-01
9.744394e-01
9.195233e-01
8.929711e-01
9.503672e-01
1.002987e+00
8.172720e-01
9.059904e-01
8.173076e-01
9.066874e-01
9.902521e-01
9.386485e-01
9.307004e-01
8.932646e-01
9.670349e-01
9.060019e-01
8.432082e-01
9.763380e-01
9.330477e-01
8.192953e-01
1.002135e+00
9.411906e-01
7.605666e-01
9.550120e-01
8.713128e-01
7.960577e-01
9.072495e-01
8.163550e-01
8.250874e-01
9.887406e-01
9.636054e-01
8.865260e-01
9.261739e-01
8.523595e-01
9.557293e-01
8.967465e-01
9.776918e-01
9.295159e-01
8.250227e-01
9.483477e-01
9.531667e-01
7.954025e-01
9.204333e-01
9.494058e-01
7.893831e-01
9.700764e-01
8.688354e-01
8.880551e-01
9.766455e-01
9.221852e-01
9.809056e-01
8.942727e-01
9.431842e-01
9.522082e-01
7.683302e-01
8.320537e-01
7.449289e-01
8.494982e-01
9.670067e-01
9.247025e-01
6.721910e-01
9.760076e-01
9.244476e-01
7.413966e-01
9.031354e-01
8.922562e-01
8.569793e-01
8.104621e-01
9.347367e-01
9.089973e-01
8.616896e-01
9.869728e-01
8.721808e-01
9.384525e-01
9.253779e-01
8.883136e-01
9.518527e-01
8.235924e-01
9.385808e-01
7.921503e-01
9.729057e-01
8.843624e-01
9.471865e-01
8.564694e-01
9.208025e-01
9.388085e-01
8.345324e-01
9.058428e-01
9.372774e-01
8.281199e-01
9.442335e-01
9.582852e-01
9.871171e-01
9.176447e-01
7.030015e-01
8.417883e-01
9.680512e-01
8.762612e-01
9.220910e-01
9.808327e-01
8.597529e-01
8.292487e-01
9.319850e-01
9.392649e-01
8.433075e-01
9.832254e-01
9.606287e-01
9.739063e-01
8.954356e-01
8.769359e-01
9.381110e-01
9.310480e-01
9.424941e-01
9.404585e-01
7.790539e-01
9.432756e-01
9.343173e-01
1.008812e+00
9.973473e-01
9.174168e-01
9.234796e-01
9.290921e-01
8.963494e-01
9.184443e-01
9.802009e-01
9.262080e-01
8.483452e-01
8.270379e-01
8.884660e-01
9.762734e-01
9.543701e-01
8.757677e-01
8.848192e-01
9.831584e-01
9.724528e-01
9.496257e-01
9.726663e-01
8.933222e-01
9.279019e-01
9.530353e-01
9.667195e-01
9.304686e-01
8.985988e-01
9.945329e-01
7.307079e-01
9.254856e-01
9.660727e-01
8.747787e-01
1.001759e+00
8.366361e-01
9.805125e-01
8.239324e-01
9.666760e-01
9.812842e-01
9.403133e-01
8.859863e-01
8.465903e-01
9.226648e-01
8.562241e-01
9.526939e-01
9.972038e-01
9.880649e-01
8.985533e-01
9.858192e-01
9.741437e-01
8.706786e-01
9.474712e-01
9.001092e-01
9.494648e-01
7.496782e-01
8.982921e-01
8.831259e-01
9.349456e-01
9.110134e-01
9.682145e-01
9.223109e-01
9.448835e-01
8.372289e-01
9.371970e-01
9.376215e-01
7.278267e-01
7.834938e-01
8.815427e-01
9.097217e-01
8.322290e-01
7.688742e-01
8.636444e-01
6.351099e-01
9.211128e-01
9.343802e-01
9.143900e-01
8.028819e-01
7.772295e-01
9.784003e-01
8.783882e-01
8.639459e-01
8.615124e-01
9.019620e-01
9.428664e-01
8.186859e-01
8.353088e-01
8.637690e-01
9.992163e-01
7.169261e-01
1.002048e+00
9.780925e-01
8.596822e-01
9.844154e-01
9.957361e-01
9.270089e-01
9.455479e-01
9.381154e-01
8.433840e-01
9.705284e-01
9.153069e-01
9.570229e-01
9.957860e-01
8.135432e-01
8.985385e-01
8.076691e-01
9.580208e-01
8.941150e-01
9.150894e-01
9.850023e-01
9.995688e-01
9.745561e-01
9.137714e-01
8.855354e-01
8.876959e-01
9.961846e-01
9.971276e-01
9.264331e-01
8.473909e-01
9.414033e-01
9.789889e-01
9.568069e-01
9.323094e-01
8.549656e-01
9.149219e-01
8.766934e-01
9.637832e-01
9.730215e-01
9.149599e-01
7.169311e-01
8.784265e-01
8.536697e-01
8.634726e-01
9.669873e-01
9.568305e-01
9.107735e-01
8.715138e-01
9.319239e-01
8.427633e-01
9.775607e-01
7.592659e-01
9.291002e-01
8.977218e-01
9.774235e-01
9.326043e-01
9.687191e-01
9.040106e-01
9.236669e-01
9.489202e-01
8.633783e-01
9.331948e-01
9.244050e-01
9.363598e-01
9.666820e-01
9.548398e-01
9.828062e-01
8.463710e-01
8.893331e-01
9.539519e-01
9.720286e-01
9.163325e-01
8.464490e-01
8.808832e-01
9.884960e-01
9.743318e-01
7.900611e-01
9.075891e-01
9.076855e-01
6.579030e-01
9.608451e-01
8.818646e-01
9.431830e-01
9.345263e-01
9.528188e-01
8.283224e-01
9.095524e-01
9.552225e-01
7.683064e-01
9.379063e-01
8.525059e-01
9.574370e-01
8.643390e-01
9.859104e-01
9.719567e-01
9.135399e-01
8.518993e-01
8.657699e-01
9.820108e-01
9.258705e-01
9.558664e-01
8.864674e-01
9.072627e-01
1.019124e+00
9.671743e-01
9.315976e-01
8.821449e-01
9.545139e-01
9.676083e-01
9.734395e-01
8.801332e-01
8.375867e-01
9.767366e-01
8.249931e-01
9.782930e-01
8.337771e-01
8.846406e-01
9.122631e-01
9.284416e-01
8.458514e-01
9.500686e-01
9.165277e-01
7.037309e-01
9.086526e-01
9.861379e-01
9.680108e-01
9.291250e-01
9.702787e-01
9.457093e-01
9.297635e-01
9.390068e-01
8.473474e-01
8.272971e-01
9.400395e-01
9.232950e-01
9.779249e-01
9.408047e-01
9.465919e-01
7.689721e-01
9.021711e-01
9.945845e-01
8.381118e-01
9.054912e-01
9.114960e-01
9.322579e-01
8.780084e-01
7.209486e-01
9.552083e-01
9.339149e-01
9.670164e-01
9.287891e-01
9.562654e-01
8.326922e-01
8.231122e-01
9.887735e-01
8.703537e-01
9.370974e-01
9.434611e-01
1.001110e+00
1.017069e+00
9.668946e-01
8.869369e-01
9.838425e-01
9.055258e-01
8.260578e-01
9.476987e-01
9.608372e-01
9.599640e-01
6.827582e-01
8.985067e-01
8.512600e-01
8.573164e-01
9.782213e-01
9.335749e-01
8.948584e-01
9.511641e-01
9.747539e-01
9.342894e-01
9.252459e-01
9.627978e-01
9.087191e-01
9.698554e-01
9.742863e-01
8.847282e-01
8.829448e-01
9.489034e-01
9.819067e-01
9.417307e-01
9.405046e-01
9.753982e-01
9.497016e-01
9.302936e-01
9.644776e-01
8.228665e-01
9.396407e-01
8.086362e-01
8.391092e-01
9.376973e-01
9.411427e-01
9.352493e-01
9.393298e-01
8.760123e-01
9.561812e-01
8.384910e-01
8.450893e-01
9.790555e-01
8.716083e-01
9.434347e-01
9.195183e-01
8.672316e-01
9.514498e-01
8.518970e-01
8.722015e-01
9.186769e-01
8.906962e-01
9.445606e-01
9.168732e-01
8.848108e-01
9.563539e-01
9.453401e-01
1.000308e+00
9.750421e-01
9.050406e-01
8.338167e-01
9.250946e-01
8.369603e-01
8.982379e-01
8.607104e-01
9.366802e-01
9.244774e-01
9.116886e-01
9.288008e-01
9.376358e-01
9.715186e-01
9.739403e-01
9.381032e-01
8.965526e-01
9.194010e-01
7.999988e-01
8.695132e-01
9.420373e-01
8.431348e-01
8.773207e-01
8.903513e-01
8.837620e-01
7.604709e-01
9.937007e-01
9.554740e-01
8.723559e-01
9.503847e-01
9.418783e-01
8.713931e-01
8.666520e-01
8.217601e-01
9.329259e-01
9.356745e-01
9.748588e-01
9.291850e-01
9.663232e-01
9.985469e-01
9.490451e-01
8.469086e-01
8.424097e-01
7.641241e-01
9.685129e-01
8.944217e-01
9.083286e-01
7.957422e-01
9.288573e-01
9.416643e-01
9.375214e-01
9.042878e-01
8.551303e-01
9.549362e-01
9.564072e-01
9.522988e-01
8.316268e-01
9.842307e-01
9.826035e-01
8.455215e-01
9.083591e-01
7.169540e-01
7.644893e-01
9.596190e-01
9.219504e-01
6.981293e-01
8.500923e-01
9.166446e-01
9.008418e-01
1.005876e+00
8.646161e-01
9.307637e-01
9.033014e-01
9.115043e-01
9.062389e-01
8.602391e-01
9.579261e-01
9.950123e-01
9.333394e-01
7.601037e-01
8.390629e-01
9.354697e-01
9.411231e-01
9.167110e-01
9.837791e-01
7.517294e-01
9.192199e-01
8.216235e-01
9.439347e-01
8.938441e-01
9.303625e-01
9.565396e-01
9.812730e-01
9.264976e-01
8.969871e-01
7.998353e-01
7.884209e-01
8.980410e-01
9.884899e-01
9.490043e-01
8.955949e-01
8.380067e-01
9.329262e-01
8.167557e-01
8.873382e-01
9.070286e-01
9.573242e-01
9.474025e-01
8.644967e-01
8.713177e-01
9.033436e-01
8.887742e-01
8.968864e-01
8.647287e-01
9.632147e-01
9.693338e-01
9.852249e-01
9.996615e-01
9.531459e-01
8.354488e-01
9.269810e-01
9.511558e-01
9.799544e-01
9.187271e-01
8.636380e-01
6.756910e-01
9.965406e-01
9.880695e-01
9.584114e-01
8.109397e-01
9.687443e-01
8.923360e-01
8.828778e-01
9.794548e-01
9.095707e-01
7.890914e-01
8.982171e-01
9.632094e-01
9.537401e-01
8.588239e-01
8.263350e-01
8.359792e-01
9.712618e-01
9.072303e-01
9.916273e-01
9.368205e-01
9.847010e-01
8.346441e-01
9.269569e-01
9.493705e-01
9.072842e-01
8.775329e-01
9.604614e-01
8.923707e-01
8.462950e-01
8.931477e-01
9.117427e-01
8.884475e-01
9.640824e-01
8.718185e-01
9.635017e-01
7.727917e-01
9.012231e-01
8.502407e-01
9.623116e-01
6.653132e-01
7.162535e-01
8.656078e-01
9.738323e-01
9.806859e-01
8.896876e-01
9.295552e-01
6.663410e-01
9.917233e-01
9.759363e-01
9.895956e-01
9.380392e-01
9.054677e-01
8.880122e-01
9.718233e-01
9.330327e-01
8.124756e-01
9.390378e-01
9.848817e-01
9.565632e-01
8.551559e-01
8.888640e-01
7.588816e-01
8.536331e-01
8.982837e-01
9.609964e-01
8.532341e-01
7.399793e-01
7.253579e-01
9.474185e-01
9.019254e-01
9.632964e-01
9.537037e-01
9.421308e-01
9.621036e-01
9.011521e-01
9.701694e-01
9.293168e-01
9.381356e-01
9.172396e-01
9.606380e-01
9.354520e-01
9.968446e-01
8.206410e-01
8.531752e-01
9.669123e-01
9.612512e-01
9.331926e-01
9.466177e-01
8.412858e-01
8.636167e-01
9.573484e-01
9.516963e-01
9.796074e-01
9.019586e-01
9.406191e-01
7.564662e-01
9.703113e-01
9.598293e-01
8.912627e-01
8.651429e-01
9.414022e-01
9.599953e-01
9.476023e-01
9.396065e-01
9.305958e-01
8.977326e-01
7.896896e-01
7.733227e-01
9.872707e-01
9.725714e-01
9.729962e-01
9.233134e-01
9.471968e-01
9.877674e-01
9.140646e-01
9.074857e-01
9.450819e-01
8.581180e-01
9.578659e-01
8.870324e-01
9.604057e-01
9.156565e-01
8.075895e-01
9.241588e-01
9.084462e-01
9.182874e-01
8.548834e-01
8.860320e-01
9.013823e-01
9.723751e-01
9.706566e-01
8.305610e-01
9.222477e-01
9.551345e-01
9.940987e-01
1.001799e+00
8.666840e-01
9.914462e-01
9.192245e-01
8.751902e-01
7.759537e-01
9.418405e-01
8.749827e-01
9.957945e-01
9.463503e-01
9.109517e-01
9.817210e-01
9.389431e-01
8.596108e-01
6.974696e-01
9.290955e-01
9.617303e-01
9.472916e-01
6.592386e-01
9.782978e-01
9.049389e-01
8.430525e-01
9.542267e-01
8.092215e-01
8.761273e-01
9.659706e-01
8.533617e-01
8.806816e-01
7.570608e-01
9.513924e-01
9.914660e-01
8.224349e-01
8.784146e-01
9.746845e-01
8.713917e-01
6.213505e-01
8.442104e-01
9.356986e-01
9.203832e-01
7.893309e-01
8.824383e-01
9.389075e-01
8.654695e-01
8.979012e-01
9.385515e-01
9.493247e-01
9.529326e-01
8.514762e-01
9.398869e-01
9.512167e-01
7.575722e-01
9.317289e-01
9.805148e-01
8.239049e-01
9.693948e-01
9.007344e-01
9.395977e-01
8.496391e-01
8.982538e-01
8.852605e-01
8.746993e-01
9.272045e-01
9.730396e-01
8.749577e-01
9.552307e-01
9.367839e-01
9.563997e-01
9.493592e-01
8.916122e-01
8.969082e-01
7.939281e-01
9.024173e-01
9.651908e-01
1.015523e+00
6.081267e-01
8.246675e-01
1.010241e+00
9.585067e-01
9.346902e-01
7.343898e-01
8.829738e-01
8.971968e-01
8.872781e-01
9.628732e-01
9.973646e-01
8.848435e-01
9.591510e-01
9.635785e-01
9.492506e-01
9.008179e-01
9.446084e-01
9.762887e-01
9.546971e-01
9.238689e-01
9.321862e-01
9.801445e-01
1.051256e+00
9.813301e-01
9.395278e-01
8.930725e-01
8.797483e-01
9.172664e-01
9.812681e-01
1.058821e+00
9.448489e-01
9.460501e-01
9.697301e-01
8.197746e-01
9.162006e-01
9.268190e-01
9.096137e-01
8.874645e-01
9.049213e-01
9.682208e-01
9.731378e-01
9.334235e-01
9.241721e-01
9.668993e-01
8.474599e-01
9.772280e-01
9.191110e-01
9.091810e-01
9.592244e-01
9.492450e-01
9.182488e-01
9.358189e-01
9.642577e-01
9.743687e-01
6.721128e-01
9.396469e-01
8.261350e-01
9.749307e-01
9.692340e-01
8.890035e-01
9.838128e-01
8.508432e-01
8.441481e-01
9.486520e-01
9.873819e-01
9.953169e-01
9.671789e-01
8.614444e-01
9.294066e-01
8.569220e-01
9.755528e-01
9.146742e-01
8.612601e-01
9.484580e-01
9.279438e-01
9.588536e-01
7.951956e-01
9.272193e-01
7.701579e-01
9.615134e-01
9.162062e-01
8.894409e-01
9.000621e-01
9.626090e-01
8.960500e-01
9.730453e-01
8.747235e-01
9.412027e-01
7.588346e-01
9.317700e-01
8.923862e-01
8.470866e-01
8.422585e-01
9.283525e-01
8.957408e-01
9.089161e-01
9.244190e-01
9.096850e-01
9.238383e-01
9.282224e-01
8.891682e-01
8.953348e-01
9.388168e-01
9.688741e-01
9.404544e-01
9.569057e-01
1.042062e+00
9.638341e-01
9.337124e-01
8.550328e-01
9.555996e-01
9.090231e-01
9.887748e-01
9.651296e-01
9.017073e-01
9.220599e-01
8.846091e-01
9.491948e-01
9.168138e-01
8.593983e-01
6.185917e-01
9.587672e-01
7.514783e-01
9.554848e-01
9.324137e-01
9.924116e-01
8.625072e-01
9.262567e-01
8.820020e-01
9.674712e-01
8.829281e-01
9.346692e-01
9.169889e-01
8.049071e-01
9.543797e-01
9.437847e-01
7.782267e-01
9.489362e-01
8.076597e-01
9.637332e-01
9.052053e-01
8.064657e-01
8.966414e-01
8.720704e-01
8.844756e-01
8.469944e-01
9.750440e-01
9.541255e-01
8.298986e-01
9.059685e-01
9.212590e-01
9.491049e-01
9.614852e-01
9.405943e-01
9.483781e-01
9.142892e-01
9.504438e-01
9.357621e-01
9.497603e-01
8.519992e-01
9.493191e-01
9.796100e-01
8.404759e-01
9.448316e-01
9.528023e-01
8.830926e-01
7.691271e-01
8.802904e-01
8.596414e-01
9.102731e-01
8.692932e-01
9.851838e-01
9.093363e-01
9.413139e-01
8.664995e-01
9.033722e-01
9.539877e-01
8.842253e-01
9.389642e-01
9.856198e-01
9.763986e-01
8.823097e-01
9.881583e-01
9.234925e-01
9.499876e-01
8.764491e-01
9.696109e-01
9.034994e-01
9.621236e-01
9.417041e-01
1.031500e+00
8.897833e-01
8.188394e-01
9.690377e-01
9.120094e-01
8.545621e-01
9.515900e-01
7.933691e-01
8.935267e-01
8.837139e-01
9.374943e-01
8.541434e-01
9.559698e-01
8.779750e-01
7.860496e-01
8.012536e-01
9.509371e-01
9.476381e-01
8.774926e-01
9.169662e-01
9.272680e-01
9.128420e-01
8.771781e-01
7.685151e-01
9.657465e-01
9.584975e-01
7.531845e-01
8.552570e-01
8.278696e-01
8.152927e-01
8.877660e-01
8.967615e-01
8.164661e-01
8.347795e-01
9.114501e-01
9.250212e-01
8.439133e-01
8.404993e-01
9.559150e-01
9.661166e-01
9.309636e-01
9.297180e-01
9.474843e-01
9.128579e-01
9.158266e-01
8.288224e-01
8.702008e-01
9.803350e-01
9.207244e-01
9.176120e-01
9.414956e-01
8.786174e-01
8.284225e-01
7.310538e-01
9.323276e-01
9.688594e-01
9.849145e-01
9.309823e-01
8.827485e-01
9.088104e-01
9.409947e-01
9.222740e-01
8.448499e-01
9.117767e-01
9.602359e-01
7.693868e-01
9.782084e-01
9.004389e-01
6.883908e-01
8.836594e-01
8.930375e-01
9.589026e-01
9.688067e-01
6.668143e-01
8.184281e-01
8.195677e-01
9.569727e-01
9.441136e-01
8.286705e-01
1.006874e+00
9.593346e-01
8.861188e-01
9.663864e-01
9.492266e-01
8.052558e-01
8.515871e-01
8.378395e-01
9.646942e-01
8.805064e-01
7.174130e-01
9.976697e-01
8.122009e-01
8.071351e-01
9.178415e-01
7.805451e-01
9.756224e-01
9.940846e-01
9.626121e-01
9.280141e-01
9.045800e-01
8.382214e-01
9.195403e-01
8.941613e-01
9.691766e-01
9.237954e-01
8.037554e-01
8.781747e-01
9.673627e-01
9.327138e-01
8.509249e-01
9.088640e-01
9.926802e-01
9.777389e-01
8.062805e-01
8.963825e-01
8.642807e-01
9.258556e-01
8.273315e-01
9.575917e-01
8.193978e-01
9.218727e-01
8.913787e-01
8.570448e-01
8.166863e-01
8.742513e-01
8.934817e-01
9.898411e-01
9.817633e-01
9.052356e-01
8.816437e-01
8.886896e-01
9.611878e-01
8.826080e-01
8.952716e-01
9.010499e-01
8.128120e-01
9.511311e-01
9.319296e-01
9.087823e-01
9.517576e-01
9.770916e-01
9.485536e-01
1.000846e+00
9.560231e-01
9.075453e-01
8.597441e-01
9.619571e-01
9.523252e-01
8.280963e-01
1.012974e+00
9.136798e-01
9.396993e-01
8.509647e-01
9.598714e-01
9.281491e-01
8.763276e-01
8.150003e-01
9.623631e-01
9.327329e-01
8.429998e-01
9.072248e-01
9.358747e-01
8.884464e-01
9.365385e-01
9.414901e-01
9.704556e-01
8.829982e-01
9.546469e-01
