-3.559677e-01
-2.882259e-01
-2.489749e-01
-2.201045e-01
-1.966966e-01
-1.766879e-01
-1.589946e-01
-1.429413e-01
-1.281403e-01
-1.142840e-01
-1.012045e-01
-8.870566e-02
-7.671420e-02
-6.510154e-02
-5.381785e-02
-4.275991e-02
-3.191224e-02
-2.118512e-02
-1.056004e-02
2.991681e-05
1.062199e-02
2.125094e-02
3.194465e-02
4.279169e-02
5.384197e-02
6.511574e-02
7.670874e-02
8.871007e-02
1.012155e-01
1.143104e-01
1.281584e-01
1.429678e-01
1.590061e-01
1.767476e-01
1.967612e-01
2.201536e-01
2.490184e-01
2.882678e-01
3.561487e-01
