-3.590470e-01
-2.900156e-01
-2.501021e-01
-2.206760e-01
-1.968244e-01
-1.763557e-01
-1.582014e-01
-1.417931e-01
-1.266703e-01
-1.124895e-01
-9.912696e-02
-8.633681e-02
-7.398716e-02
-6.211185e-02
-5.047898e-02
-3.904372e-02
-2.783144e-02
-1.679294e-02
-5.756337e-03
5.239947e-03
1.634576e-02
2.743707e-02
3.871528e-02
5.017252e-02
6.184677e-02
7.378943e-02
8.616842e-02
9.898461e-02
1.123932e-01
1.266193e-01
1.418275e-01
1.582959e-01
1.764832e-01
1.969436e-01
2.208811e-01
2.503518e-01
2.904348e-01
3.593545e-01
