-3.469337e-01
-2.827106e-01
-2.455488e-01
-2.180935e-01
-1.961350e-01
-1.772827e-01
-1.606754e-01
-1.457143e-01
-1.318973e-01
-1.189999e-01
-1.068026e-01
-9.521080e-02
-8.414699e-02
-7.347450e-02
-6.306878e-02
-5.297727e-02
-4.308706e-02
-3.337468e-02
-2.377172e-02
-1.421414e-02
-4.741478e-03
4.709608e-03
1.418787e-02
2.368593e-02
3.327536e-02
4.307056e-02
5.290738e-02
6.301088e-02
7.336232e-02
8.405314e-02
9.513996e-02
1.067500e-01
1.189221e-01
1.318235e-01
1.456210e-01
1.606172e-01
1.772622e-01
1.961094e-01
2.180140e-01
2.453319e-01
2.826475e-01
3.470304e-01
