-3.365072e-01
-2.759358e-01
-2.410120e-01
-2.154584e-01
-1.948946e-01
-1.774296e-01
-1.620870e-01
-1.481642e-01
-1.353705e-01
-1.234925e-01
-1.124044e-01
-1.018972e-01
-9.180247e-02
-8.206244e-02
-7.270718e-02
-6.354465e-02
-5.467925e-02
-4.597290e-02
-3.742060e-02
-2.898519e-02
-2.068300e-02
-1.242828e-02
-4.205788e-03
4.000191e-03
1.224904e-02
2.054538e-02
2.888749e-02
3.730070e-02
4.587355e-02
5.460407e-02
6.351366e-02
7.260988e-02
8.196786e-02
9.163691e-02
1.017332e-01
1.123013e-01
1.234103e-01
1.353027e-01
1.480756e-01
1.619204e-01
1.773169e-01
1.947876e-01
2.153033e-01
2.406737e-01
2.754711e-01
3.359878e-01
