-3.288324e-01
-2.708110e-01
-2.374281e-01
-2.132639e-01
-1.936909e-01
-1.770766e-01
-1.625062e-01
-1.493237e-01
-1.372715e-01
-1.261267e-01
-1.156520e-01
-1.057264e-01
-9.624136e-02
-8.714389e-02
-7.841396e-02
-6.992783e-02
-6.164878e-02
-5.353336e-02
-4.557265e-02
-3.779175e-02
-3.009538e-02
-2.252143e-02
-1.501432e-02
-7.464379e-03
3.020758e-05
7.507169e-03
1.498048e-02
2.251307e-02
3.009175e-02
3.778875e-02
4.554939e-02
5.351341e-02
6.157854e-02
6.987424e-02
7.834500e-02
8.710219e-02
9.622836e-02
1.056794e-01
1.156603e-01
1.262084e-01
1.373985e-01
1.494211e-01
1.624970e-01
1.770794e-01
1.937442e-01
2.133253e-01
2.375842e-01
2.708447e-01
3.286729e-01
