-3.314113e-01
-2.723972e-01
-2.385424e-01
-2.139767e-01
-1.941078e-01
-1.771804e-01
-1.622985e-01
-1.489606e-01
-1.366612e-01
-1.252418e-01
-1.145621e-01
-1.043682e-01
-9.469223e-02
-8.538092e-02
-7.640352e-02
-6.766661e-02
-5.921551e-02
-5.098381e-02
-4.288480e-02
-3.493073e-02
-2.703198e-02
-1.924557e-02
-1.150050e-02
-3.793333e-03
3.904025e-03
1.164002e-02
1.939995e-02
2.718801e-02
3.510465e-02
4.306527e-02
5.119369e-02
5.944688e-02
6.784788e-02
7.652208e-02
8.548714e-02
9.474834e-02
1.043757e-01
1.144860e-01
1.252086e-01
1.365891e-01
1.489099e-01
1.623111e-01
1.771110e-01
1.940228e-01
2.139538e-01
2.387308e-01
2.727545e-01
3.315559e-01
