-3.387149e-01
-2.773982e-01
-2.419539e-01
-2.160538e-01
-1.951814e-01
-1.773710e-01
-1.616664e-01
-1.475103e-01
-1.345169e-01
-1.224409e-01
-1.110867e-01
-1.002835e-01
-8.995465e-02
-8.004501e-02
-7.044495e-02
-6.111037e-02
-5.201460e-02
-4.309224e-02
-3.431025e-02
-2.563948e-02
-1.703617e-02
-8.500515e-03
-1.046682e-06
8.521276e-03
1.706648e-02
2.565856e-02
3.434613e-02
4.312140e-02
5.205620e-02
6.117306e-02
7.049161e-02
8.007880e-02
9.000837e-02
1.003302e-01
1.111148e-01
1.224959e-01
1.346009e-01
1.475896e-01
1.617484e-01
1.774357e-01
1.952193e-01
2.161209e-01
2.420536e-01
2.774195e-01
3.389395e-01
