-3.415409e-01
-2.792034e-01
-2.432246e-01
-2.167657e-01
-1.954014e-01
-1.772345e-01
-1.612948e-01
-1.469251e-01
-1.336290e-01
-1.212571e-01
-1.096650e-01
-9.864501e-02
-8.811297e-02
-7.795131e-02
-6.810576e-02
-5.855269e-02
-4.923587e-02
-4.003552e-02
-3.101050e-02
-2.204825e-02
-1.317843e-02
-4.381060e-03
4.386617e-03
1.317840e-02
2.205345e-02
3.100972e-02
4.005835e-02
4.915495e-02
5.858362e-02
6.814220e-02
7.800416e-02
8.817730e-02
9.876189e-02
1.097715e-01
1.213916e-01
1.337694e-01
1.469865e-01
1.613704e-01
1.773600e-01
1.954736e-01
2.167689e-01
2.431452e-01
2.791583e-01
3.417315e-01
