-3.334930e-01
-2.739871e-01
-2.397834e-01
-2.147340e-01
-1.945114e-01
-1.773669e-01
-1.622093e-01
-1.486094e-01
-1.360930e-01
-1.244687e-01
-1.135308e-01
-1.031780e-01
-9.329882e-02
-8.380386e-02
-7.461049e-02
-6.573231e-02
-5.704261e-02
-4.858111e-02
-4.027586e-02
-3.207705e-02
-2.398859e-02
-1.597184e-02
-8.009583e-03
-4.445439e-05
7.907547e-03
1.589124e-02
2.393967e-02
3.205383e-02
4.026453e-02
4.854736e-02
5.702498e-02
6.570056e-02
7.457910e-02
8.375428e-02
9.327432e-02
1.031717e-01
1.134907e-01
1.243893e-01
1.360410e-01
1.485852e-01
1.622935e-01
1.773965e-01
1.946147e-01
2.148380e-01
2.398699e-01
2.740845e-01
3.335760e-01
