-3.530689e-01
-2.864422e-01
-2.478197e-01
-2.194853e-01
-1.965385e-01
-1.769516e-01
-1.596121e-01
-1.439192e-01
-1.294500e-01
-1.159408e-01
-1.031986e-01
-9.103381e-02
-7.937359e-02
-6.810423e-02
-5.713946e-02
-4.643120e-02
-3.594185e-02
-2.559329e-02
-1.533344e-02
-5.131459e-03
5.046166e-03
1.525466e-02
2.552375e-02
3.587718e-02
4.640024e-02
5.709333e-02
6.804154e-02
7.932475e-02
9.097336e-02
1.031251e-01
1.158717e-01
1.294137e-01
1.438703e-01
1.595839e-01
1.769287e-01
1.965000e-01
2.194435e-01
2.478059e-01
2.863744e-01
3.529885e-01
