-3.438240e-01
-2.807742e-01
-2.441372e-01
-2.172313e-01
-1.956340e-01
-1.771406e-01
-1.607521e-01
-1.461193e-01
-1.326043e-01
-1.199848e-01
-1.080266e-01
-9.676391e-02
-8.595168e-02
-7.554768e-02
-6.549296e-02
-5.567278e-02
-4.600588e-02
-3.657612e-02
-2.727114e-02
-1.805258e-02
-8.952757e-03
1.593176e-04
9.275908e-03
1.845216e-02
2.771514e-02
3.703791e-02
4.646922e-02
5.608997e-02
6.589986e-02
7.599350e-02
8.641432e-02
9.716703e-02
1.084544e-01
1.204596e-01
1.330737e-01
1.465483e-01
1.612788e-01
1.776116e-01
1.960588e-01
2.177116e-01
2.445496e-01
2.811199e-01
3.444272e-01
