-3.501970e-01
-2.845222e-01
-2.466438e-01
-2.187572e-01
-1.962561e-01
-1.770130e-01
-1.600754e-01
-1.447267e-01
-1.305626e-01
-1.173476e-01
-1.049260e-01
-9.302842e-02
-8.172267e-02
-7.077453e-02
-6.013762e-02
-4.971607e-02
-3.956846e-02
-2.956085e-02
-1.964505e-02
-9.758643e-03
5.826636e-05
9.867881e-03
1.971405e-02
2.964574e-02
3.964214e-02
4.984300e-02
6.026795e-02
7.090693e-02
8.188382e-02
9.318092e-02
1.050069e-01
1.174491e-01
1.306256e-01
1.447720e-01
1.602311e-01
1.771980e-01
1.963783e-01
2.188719e-01
2.466418e-01
2.845517e-01
3.499551e-01
