-3.222413e-01
-2.664188e-01
-2.344637e-01
-2.111653e-01
-1.924832e-01
-1.766185e-01
-1.626805e-01
-1.501673e-01
-1.387154e-01
-1.281200e-01
-1.181987e-01
-1.087892e-01
-9.983987e-02
-9.126748e-02
-8.304128e-02
-7.506957e-02
-6.732525e-02
-5.976860e-02
-5.238111e-02
-4.513240e-02
-3.799636e-02
-3.095882e-02
-2.400180e-02
-1.710874e-02
-1.025727e-02
-3.417105e-03
3.413542e-03
1.026107e-02
1.711210e-02
2.400816e-02
3.096999e-02
3.800381e-02
4.512490e-02
5.236028e-02
5.974535e-02
6.728174e-02
7.503399e-02
8.300835e-02
9.125097e-02
9.981132e-02
1.087510e-01
1.181467e-01
1.280671e-01
1.386798e-01
1.501308e-01
1.626282e-01
1.765294e-01
1.923874e-01
2.110811e-01
2.343418e-01
2.663247e-01
3.220843e-01
