-3.242573e-01
-2.678176e-01
-2.353925e-01
-2.117927e-01
-1.928566e-01
-1.767529e-01
-1.626018e-01
-1.498979e-01
-1.382426e-01
-1.274487e-01
-1.173298e-01
-1.077581e-01
-9.864821e-02
-8.991497e-02
-8.150876e-02
-7.337521e-02
-6.546860e-02
-5.774167e-02
-5.020252e-02
-4.278661e-02
-3.549028e-02
-2.828699e-02
-2.115190e-02
-1.405874e-02
-7.009994e-03
1.586526e-05
7.058480e-03
1.411554e-02
2.120305e-02
2.833720e-02
3.554872e-02
4.284608e-02
5.025494e-02
5.781031e-02
6.552996e-02
7.343102e-02
8.157060e-02
8.997928e-02
9.869769e-02
1.078175e-01
1.173690e-01
1.275037e-01
1.383058e-01
1.499674e-01
1.626917e-01
1.768211e-01
1.929182e-01
2.118761e-01
2.355153e-01
2.678974e-01
3.243733e-01
