-3.267971e-01
-2.695350e-01
-2.365531e-01
-2.126154e-01
-1.933014e-01
-1.769406e-01
-1.625124e-01
-1.495704e-01
-1.377465e-01
-1.267332e-01
-1.164236e-01
-1.067151e-01
-9.738954e-02
-8.854066e-02
-8.000084e-02
-7.167508e-02
-6.360222e-02
-5.571540e-02
-4.798196e-02
-4.044574e-02
-3.294208e-02
-2.553447e-02
-1.819921e-02
-1.095291e-02
-3.646028e-03
3.676117e-03
1.090156e-02
1.816652e-02
2.546617e-02
3.285624e-02
4.033259e-02
4.793198e-02
5.568534e-02
6.356416e-02
7.166954e-02
7.996567e-02
8.854900e-02
9.744374e-02
1.067460e-01
1.165018e-01
1.268083e-01
1.377969e-01
1.495790e-01
1.625072e-01
1.768427e-01
1.931691e-01
2.124680e-01
2.363712e-01
2.692139e-01
3.267857e-01
