-3.137413e-01
-2.607411e-01
-2.303682e-01
-2.083450e-01
-1.906717e-01
-1.757150e-01
-1.626086e-01
-1.508320e-01
-1.400792e-01
-1.301250e-01
-1.208150e-01
-1.120442e-01
-1.037132e-01
-9.574585e-02
-8.808811e-02
-8.071773e-02
-7.355988e-02
-6.660508e-02
-5.980237e-02
-5.315662e-02
-4.663306e-02
-4.021896e-02
-3.389408e-02
-2.764553e-02
-2.144696e-02
-1.528878e-02
-9.167914e-03
-3.066923e-03
3.041037e-03
9.150019e-03
1.527136e-02
2.141787e-02
2.761732e-02
3.387497e-02
4.021257e-02
4.662957e-02
5.315088e-02
5.981942e-02
6.661428e-02
7.358909e-02
8.074258e-02
8.811904e-02
9.576502e-02
1.037288e-01
1.120475e-01
1.208189e-01
1.301170e-01
1.400599e-01
1.508105e-01
1.625709e-01
1.756965e-01
1.906626e-01
2.084007e-01
2.304209e-01
2.607240e-01
3.138183e-01
