-2.942128e-01
-2.471359e-01
-2.203663e-01
-2.009929e-01
-1.855448e-01
-1.724833e-01
-1.610845e-01
-1.509071e-01
-1.416461e-01
-1.330939e-01
-1.251436e-01
-1.176808e-01
-1.106112e-01
-1.038761e-01
-9.744252e-02
-9.125438e-02
-8.528367e-02
-7.949674e-02
-7.387564e-02
-6.840139e-02
-6.305494e-02
-5.782236e-02
-5.269632e-02
-4.765613e-02
-4.268131e-02
-3.778350e-02
-3.293755e-02
-2.814044e-02
-2.339750e-02
-1.868018e-02
-1.398492e-02
-9.316814e-03
-4.656146e-03
-5.684491e-06
4.649164e-03
9.308879e-03
1.397581e-02
1.866469e-02
2.337843e-02
2.812448e-02
3.291603e-02
3.776051e-02
4.265123e-02
4.760966e-02
5.265054e-02
5.777520e-02
6.300288e-02
6.835377e-02
7.382894e-02
7.944863e-02
8.522584e-02
9.121308e-02
9.740468e-02
1.038495e-01
1.105605e-01
1.176403e-01
1.251328e-01
1.330980e-01
1.416278e-01
1.508939e-01
1.610680e-01
1.724590e-01
1.855056e-01
2.010023e-01
2.203607e-01
2.471133e-01
2.942876e-01
