-2.927130e-01
-2.460262e-01
-2.194897e-01
-2.003162e-01
-1.850215e-01
-1.721115e-01
-1.608531e-01
-1.508010e-01
-1.416597e-01
-1.332115e-01
-1.253618e-01
-1.179882e-01
-1.110052e-01
-1.043646e-01
-9.801041e-02
-9.191843e-02
-8.601715e-02
-8.031189e-02
-7.477295e-02
-6.938372e-02
-6.412200e-02
-5.897938e-02
-5.393036e-02
-4.897085e-02
-4.409248e-02
-3.928342e-02
-3.452861e-02
-2.983012e-02
-2.517011e-02
-2.054212e-02
-1.594922e-02
-1.137705e-02
-6.812993e-03
-2.259846e-03
2.294475e-03
6.839076e-03
1.139735e-02
1.596565e-02
2.055460e-02
2.517463e-02
2.983652e-02
3.454058e-02
3.928775e-02
4.409263e-02
4.896900e-02
5.393254e-02
5.898225e-02
6.412255e-02
6.938312e-02
7.477320e-02
8.031793e-02
8.602475e-02
9.191425e-02
9.801398e-02
1.043629e-01
1.110048e-01
1.179952e-01
1.253788e-01
1.332405e-01
1.416715e-01
1.508251e-01
1.608844e-01
1.721606e-01
1.850657e-01
2.003839e-01
2.195319e-01
2.460266e-01
2.928098e-01
