-3.009593e-01
-2.518002e-01
-2.238023e-01
-2.035648e-01
-1.873744e-01
-1.737125e-01
-1.617796e-01
-1.510859e-01
-1.413281e-01
-1.323293e-01
-1.239335e-01
-1.160470e-01
-1.085727e-01
-1.014441e-01
-9.462041e-02
-8.805988e-02
-8.172656e-02
-7.557397e-02
-6.958091e-02
-6.374372e-02
-5.802939e-02
-5.243229e-02
-4.693319e-02
-4.152778e-02
-3.618704e-02
-3.090365e-02
-2.567793e-02
-2.049449e-02
-1.534819e-02
-1.021847e-02
-5.104362e-03
1.538060e-06
5.099485e-03
1.022704e-02
1.535871e-02
2.051570e-02
2.569790e-02
3.092546e-02
3.619939e-02
4.154908e-02
4.696431e-02
5.246199e-02
5.805815e-02
6.377035e-02
6.961000e-02
7.559336e-02
8.175463e-02
8.810166e-02
9.466342e-02
1.014944e-01
1.086148e-01
1.161018e-01
1.239927e-01
1.323834e-01
1.413733e-01
1.511044e-01
1.617991e-01
1.737418e-01
1.874210e-01
2.036167e-01
2.238498e-01
2.518091e-01
3.008238e-01
