-2.911860e-01
-2.449484e-01
-2.186930e-01
-1.997297e-01
-1.845959e-01
-1.718013e-01
-1.606622e-01
-1.507233e-01
-1.416903e-01
-1.333492e-01
-1.255920e-01
-1.183045e-01
-1.114041e-01
-1.048413e-01
-9.858182e-02
-9.256595e-02
-8.675869e-02
-8.114011e-02
-7.568431e-02
-7.038272e-02
-6.520509e-02
-6.013068e-02
-5.516800e-02
-5.028824e-02
-4.549410e-02
-4.076156e-02
-3.608956e-02
-3.146813e-02
-2.688842e-02
-2.235473e-02
-1.785445e-02
-1.337086e-02
-8.911670e-03
-4.457320e-03
-1.372829e-05
4.432668e-03
8.887742e-03
1.335552e-02
1.784301e-02
2.234891e-02
2.688535e-02
3.146956e-02
3.608715e-02
4.075532e-02
4.548241e-02
5.027946e-02
5.515812e-02
6.012434e-02
6.519626e-02
7.037622e-02
7.568007e-02
8.114231e-02
8.676454e-02
9.257431e-02
9.858988e-02
1.048653e-01
1.114174e-01
1.183111e-01
1.256016e-01
1.333603e-01
1.416979e-01
1.507435e-01
1.606849e-01
1.718360e-01
1.845988e-01
1.997241e-01
2.186636e-01
2.448853e-01
2.911239e-01
