-2.975507e-01
-2.494178e-01
-2.221055e-01
-2.023057e-01
-1.864592e-01
-1.730953e-01
-1.614319e-01
-1.509982e-01
-1.415071e-01
-1.327473e-01
-1.245873e-01
-1.169117e-01
-1.096532e-01
-1.027293e-01
-9.608276e-02
-8.970889e-02
-8.356300e-02
-7.760240e-02
-7.180276e-02
-6.615784e-02
-6.064466e-02
-5.524124e-02
-4.992822e-02
-4.470781e-02
-3.955912e-02
-3.448759e-02
-2.946683e-02
-2.448468e-02
-1.953708e-02
-1.462244e-02
-9.733415e-03
-4.857686e-03
7.483014e-06
4.873457e-03
9.746315e-03
1.463915e-02
1.955378e-02
2.449031e-02
2.945857e-02
3.448041e-02
3.956463e-02
4.470345e-02
4.992583e-02
5.524353e-02
6.064770e-02
6.615683e-02
7.181030e-02
7.761006e-02
8.357039e-02
8.973005e-02
9.610890e-02
1.027378e-01
1.096603e-01
1.169366e-01
1.246197e-01
1.327719e-01
1.415379e-01
1.510390e-01
1.614685e-01
1.731142e-01
1.864493e-01
2.022745e-01
2.220918e-01
2.494327e-01
2.975098e-01
