-3.043993e-01
-2.542520e-01
-2.257003e-01
-2.049577e-01
-1.883855e-01
-1.743462e-01
-1.621028e-01
-1.511344e-01
-1.411372e-01
-1.318885e-01
-1.232596e-01
-1.151294e-01
-1.074314e-01
-1.000941e-01
-9.305423e-02
-8.628690e-02
-7.973114e-02
-7.337927e-02
-6.719569e-02
-6.115279e-02
-5.523841e-02
-4.943762e-02
-4.371411e-02
-3.808643e-02
-3.251721e-02
-2.700996e-02
-2.156290e-02
-1.613894e-02
-1.074993e-02
-5.372432e-03
-1.075948e-05
5.357662e-03
1.072526e-02
1.610444e-02
2.151512e-02
2.698068e-02
3.248073e-02
3.804237e-02
4.367978e-02
4.938419e-02
5.518057e-02
6.109923e-02
6.713833e-02
7.333231e-02
7.969332e-02
8.624406e-02
9.302351e-02
1.000534e-01
1.073914e-01
1.150956e-01
1.232144e-01
1.318403e-01
1.410751e-01
1.510877e-01
1.620624e-01
1.743075e-01
1.883084e-01
2.048742e-01
2.255674e-01
2.541579e-01
3.043303e-01
