-2.853219e-01
-2.407773e-01
-2.154663e-01
-1.972711e-01
-1.827291e-01
-1.704850e-01
-1.598242e-01
-1.503154e-01
-1.416636e-01
-1.336956e-01
-1.262889e-01
-1.193407e-01
-1.127806e-01
-1.065433e-01
-1.005830e-01
-9.486443e-02
-8.936022e-02
-8.403860e-02
-7.889151e-02
-7.387286e-02
-6.898762e-02
-6.421636e-02
-5.954129e-02
-5.496410e-02
-5.045629e-02
-4.603122e-02
-4.165880e-02
-3.734476e-02
-3.307971e-02
-2.885455e-02
-2.466788e-02
-2.051490e-02
-1.638820e-02
-1.226876e-02
-8.165690e-03
-4.080103e-03
3.069888e-06
4.085173e-03
8.168728e-03
1.226755e-02
1.638158e-02
2.051040e-02
2.466203e-02
2.885176e-02
3.307407e-02
3.733818e-02
4.165032e-02
4.601570e-02
5.044696e-02
5.494624e-02
5.952207e-02
6.419544e-02
6.896210e-02
7.385259e-02
7.886788e-02
8.402533e-02
8.934186e-02
9.484774e-02
1.005768e-01
1.065342e-01
1.127744e-01
1.193395e-01
1.262885e-01
1.336820e-01
1.416402e-01
1.502798e-01
1.597956e-01
1.704537e-01
1.826832e-01
1.972175e-01
2.154592e-01
2.407171e-01
2.853320e-01
