-2.897131e-01
-2.438654e-01
-2.178511e-01
-1.990599e-01
-1.841163e-01
-1.715029e-01
-1.604779e-01
-1.506471e-01
-1.417078e-01
-1.334707e-01
-1.258149e-01
-1.186159e-01
-1.118098e-01
-1.053275e-01
-9.913710e-02
-9.320003e-02
-8.746993e-02
-8.192116e-02
-7.655057e-02
-7.131326e-02
-6.621155e-02
-6.123109e-02
-5.633937e-02
-5.153643e-02
-4.681229e-02
-4.215727e-02
-3.757420e-02
-3.303285e-02
-2.854023e-02
-2.408274e-02
-1.966751e-02
-1.527571e-02
-1.089861e-02
-6.540349e-03
-2.195308e-03
2.157853e-03
6.516481e-03
1.087268e-02
1.524752e-02
1.964104e-02
2.406124e-02
2.851334e-02
3.300681e-02
3.754031e-02
4.213131e-02
4.678499e-02
5.151165e-02
5.630613e-02
6.119592e-02
6.618208e-02
7.128325e-02
7.651593e-02
8.189710e-02
8.743897e-02
9.316928e-02
9.911910e-02
1.053018e-01
1.117747e-01
1.185698e-01
1.257720e-01
1.334340e-01
1.416641e-01
1.506155e-01
1.604424e-01
1.714590e-01
1.840748e-01
1.990749e-01
2.178757e-01
2.438949e-01
2.896838e-01
