-2.882024e-01
-2.428127e-01
-2.170764e-01
-1.985005e-01
-1.836361e-01
-1.711348e-01
-1.602477e-01
-1.505094e-01
-1.416678e-01
-1.335406e-01
-1.259859e-01
-1.188675e-01
-1.121540e-01
-1.057632e-01
-9.964572e-02
-9.378366e-02
-8.812931e-02
-8.265643e-02
-7.735471e-02
-7.220101e-02
-6.716728e-02
-6.225054e-02
-5.744763e-02
-5.272288e-02
-4.808293e-02
-4.350531e-02
-3.898726e-02
-3.452346e-02
-3.011070e-02
-2.573573e-02
-2.139942e-02
-1.708547e-02
-1.279555e-02
-8.514916e-03
-4.244652e-03
1.035022e-05
4.267347e-03
8.541461e-03
1.281015e-02
1.709852e-02
2.141063e-02
2.575710e-02
3.012420e-02
3.453209e-02
3.899476e-02
4.350818e-02
4.808100e-02
5.272648e-02
5.745945e-02
6.227358e-02
6.719092e-02
7.221499e-02
7.736443e-02
8.267217e-02
8.813316e-02
9.378330e-02
9.964288e-02
1.057403e-01
1.121347e-01
1.188557e-01
1.259587e-01
1.335323e-01
1.416759e-01
1.505076e-01
1.602396e-01
1.711287e-01
1.836132e-01
1.984408e-01
2.170197e-01
2.427752e-01
2.882352e-01
