-2.772661e-01
-2.348906e-01
-2.109432e-01
-1.936931e-01
-1.799559e-01
-1.684201e-01
-1.583849e-01
-1.494284e-01
-1.413176e-01
-1.338483e-01
-1.269095e-01
-1.204030e-01
-1.142721e-01
-1.084498e-01
-1.029012e-01
-9.758383e-02
-9.246677e-02
-8.752793e-02
-8.274242e-02
-7.810149e-02
-7.358985e-02
-6.918256e-02
-6.488489e-02
-6.067564e-02
-5.654669e-02
-5.249031e-02
-4.849428e-02
-4.455844e-02
-4.067611e-02
-3.683382e-02
-3.304210e-02
-2.928528e-02
-2.555830e-02
-2.185974e-02
-1.818042e-02
-1.452160e-02
-1.088164e-02
-7.251882e-03
-3.629432e-03
-5.228819e-06
3.615571e-03
7.242243e-03
1.087162e-02
1.452647e-02
1.818777e-02
2.186427e-02
2.557182e-02
2.929673e-02
3.305694e-02
3.685585e-02
4.068750e-02
4.457307e-02
4.850735e-02
5.250631e-02
5.656220e-02
6.068673e-02
6.490291e-02
6.920096e-02
7.360420e-02
7.811282e-02
8.275193e-02
8.753020e-02
9.245952e-02
9.757851e-02
1.028954e-01
1.084477e-01
1.142677e-01
1.203990e-01
1.268912e-01
1.338222e-01
1.412919e-01
1.494128e-01
1.583690e-01
1.684201e-01
1.799711e-01
1.936889e-01
2.109383e-01
2.349011e-01
2.772537e-01
