-2.799519e-01
-2.367841e-01
-2.123965e-01
-1.948306e-01
-1.808511e-01
-1.690910e-01
-1.588467e-01
-1.497109e-01
-1.414300e-01
-1.338025e-01
-1.267218e-01
-1.200822e-01
-1.138201e-01
-1.078704e-01
-1.022017e-01
-9.675243e-02
-9.150905e-02
-8.643891e-02
-8.154589e-02
-7.679486e-02
-7.216523e-02
-6.764477e-02
-6.322458e-02
-5.890212e-02
-5.465148e-02
-5.047887e-02
-4.637486e-02
-4.232398e-02
-3.832657e-02
-3.437369e-02
-3.044978e-02
-2.656658e-02
-2.271147e-02
-1.888597e-02
-1.508153e-02
-1.129707e-02
-7.513527e-03
-3.745996e-03
1.936830e-05
3.785965e-03
7.559682e-03
1.134085e-02
1.512236e-02
1.893137e-02
2.275647e-02
2.660432e-02
3.048820e-02
3.440052e-02
3.834819e-02
4.234908e-02
4.639849e-02
5.051037e-02
5.468742e-02
5.893547e-02
6.326153e-02
6.767827e-02
7.219209e-02
7.682208e-02
8.157951e-02
8.648130e-02
9.153753e-02
9.677944e-02
1.022287e-01
1.079079e-01
1.138577e-01
1.201325e-01
1.267647e-01
1.338455e-01
1.414622e-01
1.497578e-01
1.588871e-01
1.691232e-01
1.808745e-01
1.948692e-01
2.124066e-01
2.367538e-01
2.798379e-01
