-2.811920e-01
-2.377310e-01
-2.131523e-01
-1.954297e-01
-1.813452e-01
-1.694738e-01
-1.591473e-01
-1.499158e-01
-1.415493e-01
-1.338451e-01
-1.266802e-01
-1.199600e-01
-1.136154e-01
-1.075981e-01
-1.018538e-01
-9.634560e-02
-9.104357e-02
-8.592961e-02
-8.096861e-02
-7.615362e-02
-7.146570e-02
-6.688649e-02
-6.240638e-02
-5.802198e-02
-5.371594e-02
-4.947601e-02
-4.530512e-02
-4.118925e-02
-3.712614e-02
-3.310080e-02
-2.912150e-02
-2.517189e-02
-2.125200e-02
-1.735258e-02
-1.348457e-02
-9.621729e-03
-5.768223e-03
-1.931069e-03
1.895990e-03
5.742449e-03
9.589318e-03
1.345389e-02
1.733107e-02
2.123263e-02
2.514491e-02
2.908476e-02
3.306654e-02
3.708640e-02
4.115116e-02
4.525933e-02
4.942963e-02
5.366772e-02
5.797391e-02
6.236740e-02
6.684511e-02
7.142036e-02
7.611962e-02
8.093373e-02
8.588724e-02
9.100580e-02
9.630011e-02
1.018118e-01
1.075553e-01
1.135665e-01
1.199183e-01
1.266264e-01
1.337793e-01
1.414898e-01
1.498652e-01
1.591020e-01
1.694269e-01
1.813041e-01
1.954276e-01
2.131591e-01
2.377066e-01
2.811753e-01
