-2.710837e-01
-2.303878e-01
-2.073941e-01
-1.908581e-01
-1.777337e-01
-1.667075e-01
-1.571206e-01
-1.485954e-01
-1.408671e-01
-1.337574e-01
-1.271605e-01
-1.209823e-01
-1.151474e-01
-1.096303e-01
-1.043755e-01
-9.933506e-02
-9.449485e-02
-8.982710e-02
-8.530821e-02
-8.093274e-02
-7.668441e-02
-7.253771e-02
-6.849117e-02
-6.453862e-02
-6.066287e-02
-5.685583e-02
-5.312440e-02
-4.944363e-02
-4.582767e-02
-4.225544e-02
-3.873020e-02
-3.524504e-02
-3.179102e-02
-2.836481e-02
-2.497059e-02
-2.159245e-02
-1.823490e-02
-1.489641e-02
-1.157003e-02
-8.252586e-03
-4.942729e-03
-1.636169e-03
1.663049e-03
4.960164e-03
8.268725e-03
1.158556e-02
1.490945e-02
1.824999e-02
2.160963e-02
2.498139e-02
2.838220e-02
3.180412e-02
3.526260e-02
3.875484e-02
4.227914e-02
4.585514e-02
4.947059e-02
5.314844e-02
5.687555e-02
6.067716e-02
6.454811e-02
6.850491e-02
7.254592e-02
7.668590e-02
8.093200e-02
8.529267e-02
8.979327e-02
9.446092e-02
9.929846e-02
1.043379e-01
1.095971e-01
1.151097e-01
1.209263e-01
1.271037e-01
1.337129e-01
1.408158e-01
1.485592e-01
1.570912e-01
1.667011e-01
1.777164e-01
1.908665e-01
2.073815e-01
2.303533e-01
2.711113e-01
