-2.688806e-01
-2.286802e-01
-2.060786e-01
-1.897960e-01
-1.768723e-01
-1.660291e-01
-1.565968e-01
-1.481941e-01
-1.405949e-01
-1.336148e-01
-1.271474e-01
-1.210904e-01
-1.153772e-01
-1.099758e-01
-1.048245e-01
-9.988847e-02
-9.514659e-02
-9.057746e-02
-8.616978e-02
-8.189664e-02
-7.774321e-02
-7.369399e-02
-6.974986e-02
-6.589345e-02
-6.211451e-02
-5.840782e-02
-5.476623e-02
-5.118526e-02
-4.765681e-02
-4.417996e-02
-4.074226e-02
-3.734978e-02
-3.399050e-02
-3.066126e-02
-2.735436e-02
-2.407900e-02
-2.082475e-02
-1.759068e-02
-1.436780e-02
-1.115752e-02
-7.957499e-03
-4.768294e-03
-1.583865e-03
1.607532e-03
4.795432e-03
7.989475e-03
1.119097e-02
1.439685e-02
1.761634e-02
2.084659e-02
2.409999e-02
2.737455e-02
3.067217e-02
3.399954e-02
3.735846e-02
4.075686e-02
4.419564e-02
4.766937e-02
5.119420e-02
5.477403e-02
5.841667e-02
6.213171e-02
6.590901e-02
6.977308e-02
7.371966e-02
7.776061e-02
8.191518e-02
8.619137e-02
9.060679e-02
9.516525e-02
9.990178e-02
1.048240e-01
1.099793e-01
1.153868e-01
1.210971e-01
1.271396e-01
1.336109e-01
1.405967e-01
1.481985e-01
1.565921e-01
1.660208e-01
1.768607e-01
1.897561e-01
2.060072e-01
2.286211e-01
2.687057e-01
