-2.665948e-01
-2.269817e-01
-2.046856e-01
-1.887120e-01
-1.760037e-01
-1.653239e-01
-1.560729e-01
-1.478247e-01
-1.403453e-01
-1.334909e-01
-1.271397e-01
-1.211924e-01
-1.155864e-01
-1.102865e-01
-1.052300e-01
-1.003986e-01
-9.575932e-02
-9.128921e-02
-8.696708e-02
-8.277767e-02
-7.870928e-02
-7.475882e-02
-7.089887e-02
-6.712845e-02
-6.343417e-02
-5.981409e-02
-5.626240e-02
-5.276707e-02
-4.933076e-02
-4.593987e-02
-4.259143e-02
-3.928435e-02
-3.601389e-02
-3.277556e-02
-2.956528e-02
-2.638695e-02
-2.323126e-02
-2.009866e-02
-1.697524e-02
-1.387162e-02
-1.077810e-02
-7.684619e-03
-4.604371e-03
-1.527663e-03
1.544988e-03
4.626278e-03
7.705949e-03
1.079069e-02
1.388754e-02
1.699797e-02
2.012572e-02
2.326601e-02
2.642528e-02
2.960410e-02
3.281610e-02
3.605037e-02
3.932212e-02
4.262559e-02
4.597662e-02
4.936546e-02
5.280334e-02
5.629773e-02
5.984762e-02
6.346388e-02
6.715013e-02
7.091646e-02
7.477480e-02
7.873462e-02
8.280306e-02
8.699077e-02
9.130998e-02
9.578530e-02
1.004261e-01
1.052584e-01
1.103141e-01
1.156096e-01
1.212130e-01
1.271591e-01
1.335194e-01
1.403743e-01
1.478369e-01
1.560687e-01
1.653445e-01
1.760136e-01
1.887232e-01
2.047163e-01
2.270180e-01
2.665814e-01
