-2.676503e-01
-2.278331e-01
-2.053765e-01
-1.892438e-01
-1.764248e-01
-1.656802e-01
-1.563337e-01
-1.480042e-01
-1.404647e-01
-1.335404e-01
-1.271245e-01
-1.211303e-01
-1.154886e-01
-1.101292e-01
-1.050384e-01
-1.001548e-01
-9.547101e-02
-9.095826e-02
-8.658655e-02
-8.235738e-02
-7.824097e-02
-7.424238e-02
-7.034079e-02
-6.652699e-02
-6.278932e-02
-5.912752e-02
-5.553426e-02
-5.199690e-02
-4.851782e-02
-4.507976e-02
-4.169079e-02
-3.834576e-02
-3.503007e-02
-3.174998e-02
-2.849429e-02
-2.526628e-02
-2.206087e-02
-1.887486e-02
-1.570524e-02
-1.255155e-02
-9.406560e-03
-6.262784e-03
-3.129748e-03
1.220830e-06
3.127199e-03
6.260580e-03
9.401485e-03
1.254943e-02
1.569942e-02
1.887290e-02
2.205497e-02
2.525612e-02
2.848412e-02
3.174153e-02
3.502199e-02
3.833665e-02
4.168552e-02
4.507858e-02
4.850646e-02
5.198207e-02
5.551404e-02
5.911022e-02
6.277333e-02
6.650398e-02
7.032026e-02
7.422966e-02
7.823009e-02
8.234607e-02
8.658024e-02
9.095296e-02
9.546868e-02
1.001620e-01
1.050451e-01
1.101452e-01
1.155108e-01
1.211693e-01
1.271666e-01
1.335918e-01
1.405017e-01
1.480373e-01
1.563577e-01
1.656918e-01
1.764518e-01
1.892611e-01
2.053890e-01
2.278394e-01
2.676930e-01
