-2.735988e-01
-2.321670e-01
-2.087946e-01
-1.919999e-01
-1.786234e-01
-1.673763e-01
-1.576206e-01
-1.489357e-01
-1.410549e-01
-1.337976e-01
-1.270633e-01
-1.207699e-01
-1.148356e-01
-1.092002e-01
-1.038245e-01
-9.868301e-02
-9.374319e-02
-8.897787e-02
-8.436908e-02
-7.989086e-02
-7.554369e-02
-7.130258e-02
-6.715852e-02
-6.310237e-02
-5.913249e-02
-5.523621e-02
-5.140358e-02
-4.763347e-02
-4.390919e-02
-4.023737e-02
-3.661057e-02
-3.301859e-02
-2.945756e-02
-2.592356e-02
-2.241421e-02
-1.893360e-02
-1.546725e-02
-1.201889e-02
-8.586122e-03
-5.156798e-03
-1.738780e-03
1.689187e-03
5.115755e-03
8.544250e-03
1.198473e-02
1.543318e-02
1.890148e-02
2.237818e-02
2.588925e-02
2.941943e-02
3.298379e-02
3.657550e-02
4.020455e-02
4.388282e-02
4.760452e-02
5.136964e-02
5.520216e-02
5.909833e-02
6.307057e-02
6.712431e-02
7.126004e-02
7.550331e-02
7.984824e-02
8.432793e-02
8.893628e-02
9.370043e-02
9.864820e-02
1.037913e-01
1.091601e-01
1.147922e-01
1.207476e-01
1.270399e-01
1.337748e-01
1.410168e-01
1.489000e-01
1.576018e-01
1.673615e-01
1.786132e-01
1.919764e-01
2.087806e-01
2.321151e-01
2.734843e-01
