-2.760090e-01
-2.339379e-01
-2.101753e-01
-1.930837e-01
-1.795069e-01
-1.680707e-01
-1.581061e-01
-1.492409e-01
-1.411988e-01
-1.338177e-01
-1.269539e-01
-1.205304e-01
-1.144625e-01
-1.087073e-01
-1.032179e-01
-9.796120e-02
-9.290473e-02
-8.800980e-02
-8.329029e-02
-7.870726e-02
-7.425577e-02
-6.990681e-02
-6.565654e-02
-6.150045e-02
-5.742623e-02
-5.342529e-02
-4.948204e-02
-4.560264e-02
-4.177574e-02
-3.799789e-02
-3.426084e-02
-3.055957e-02
-2.689781e-02
-2.325780e-02
-1.963921e-02
-1.604133e-02
-1.245504e-02
-8.887232e-03
-5.331982e-03
-1.771924e-03
1.781671e-03
5.331812e-03
8.892918e-03
1.246485e-02
1.605051e-02
1.964675e-02
2.326592e-02
2.690927e-02
3.057976e-02
3.428535e-02
3.802840e-02
4.181236e-02
4.563522e-02
4.951363e-02
5.344512e-02
5.745095e-02
6.152408e-02
6.567979e-02
6.992502e-02
7.427514e-02
7.872868e-02
8.331304e-02
8.803642e-02
9.291566e-02
9.797967e-02
1.032397e-01
1.087356e-01
1.144958e-01
1.205485e-01
1.269781e-01
1.338377e-01
1.412243e-01
1.492640e-01
1.581188e-01
1.680792e-01
1.795175e-01
1.931226e-01
2.102405e-01
2.339522e-01
2.760295e-01
