-2.722455e-01
-2.312297e-01
-2.080278e-01
-1.913847e-01
-1.781355e-01
-1.670098e-01
-1.573387e-01
-1.487336e-01
-1.409242e-01
-1.337350e-01
-1.270780e-01
-1.208435e-01
-1.149661e-01
-1.093940e-01
-1.040758e-01
-9.898644e-02
-9.408802e-02
-8.936498e-02
-8.480468e-02
-8.038199e-02
-7.608971e-02
-7.190143e-02
-6.781581e-02
-6.381176e-02
-5.989582e-02
-5.605451e-02
-5.226758e-02
-4.854460e-02
-4.487697e-02
-4.126179e-02
-3.768907e-02
-3.414875e-02
-3.064748e-02
-2.717143e-02
-2.372733e-02
-2.030091e-02
-1.689479e-02
-1.350351e-02
-1.011561e-02
-6.745923e-03
-3.380287e-03
-1.209506e-05
3.353749e-03
6.721305e-03
1.009218e-02
1.347168e-02
1.686412e-02
2.027114e-02
2.370377e-02
2.715450e-02
3.063092e-02
3.413642e-02
3.767450e-02
4.125031e-02
4.487422e-02
4.854251e-02
5.226060e-02
5.603879e-02
5.989413e-02
6.381676e-02
6.781581e-02
7.190773e-02
7.609748e-02
8.039480e-02
8.482822e-02
8.939262e-02
9.411395e-02
9.901288e-02
1.041037e-01
1.094203e-01
1.149973e-01
1.208854e-01
1.271275e-01
1.337979e-01
1.409652e-01
1.487827e-01
1.574107e-01
1.670864e-01
1.782248e-01
1.914714e-01
2.081053e-01
2.313034e-01
2.723870e-01
