-2.633142e-01
-2.245947e-01
-2.028015e-01
-1.871548e-01
-1.747292e-01
-1.643177e-01
-1.552908e-01
-1.472427e-01
-1.399583e-01
-1.332865e-01
-1.270881e-01
-1.213095e-01
-1.158672e-01
-1.107145e-01
-1.058090e-01
-1.011159e-01
-9.661077e-02
-9.227642e-02
-8.809205e-02
-8.403384e-02
-8.009458e-02
-7.626264e-02
-7.253333e-02
-6.888415e-02
-6.531211e-02
-6.181272e-02
-5.838745e-02
-5.501336e-02
-5.169838e-02
-4.842981e-02
-4.520594e-02
-4.202253e-02
-3.888041e-02
-3.576828e-02
-3.269308e-02
-2.964683e-02
-2.661517e-02
-2.360368e-02
-2.061652e-02
-1.764542e-02
-1.468861e-02
-1.173408e-02
-8.794063e-03
-5.865308e-03
-2.933535e-03
-8.406841e-06
2.916097e-03
5.844573e-03
8.777790e-03
1.171837e-02
1.466625e-02
1.762384e-02
2.058994e-02
2.357682e-02
2.658727e-02
2.961891e-02
3.267074e-02
3.575413e-02
3.886306e-02
4.200748e-02
4.518481e-02
4.840750e-02
5.167565e-02
5.499083e-02
5.836314e-02
6.179243e-02
6.529147e-02
6.886348e-02
7.250753e-02
7.624343e-02
8.006697e-02
8.400455e-02
8.805916e-02
9.223802e-02
9.657511e-02
1.010817e-01
1.057799e-01
1.106983e-01
1.158657e-01
1.213091e-01
1.270900e-01
1.332927e-01
1.399788e-01
1.472419e-01
1.552806e-01
1.643248e-01
1.747295e-01
1.871522e-01
2.028046e-01
2.246077e-01
2.632449e-01
