-2.622324e-01
-2.237566e-01
-2.021655e-01
-1.866172e-01
-1.743126e-01
-1.639852e-01
-1.550351e-01
-1.470662e-01
-1.398507e-01
-1.332270e-01
-1.270928e-01
-1.213558e-01
-1.159531e-01
-1.108451e-01
-1.059750e-01
-1.013195e-01
-9.686391e-02
-9.256415e-02
-8.841596e-02
-8.439886e-02
-8.049607e-02
-7.670695e-02
-7.300044e-02
-6.938689e-02
-6.586071e-02
-6.239929e-02
-5.900965e-02
-5.568178e-02
-5.240642e-02
-4.917583e-02
-4.598956e-02
-4.285137e-02
-3.975154e-02
-3.667503e-02
-3.363241e-02
-3.061576e-02
-2.762956e-02
-2.466470e-02
-2.171829e-02
-1.878648e-02
-1.586920e-02
-1.296285e-02
-1.006896e-02
-7.187279e-03
-4.305343e-03
-1.430562e-03
1.444499e-03
4.319946e-03
7.199903e-03
1.008098e-02
1.297393e-02
1.588157e-02
1.879299e-02
2.172451e-02
2.466987e-02
2.763803e-02
3.062978e-02
3.364596e-02
3.669130e-02
3.976590e-02
4.286458e-02
4.601200e-02
4.918855e-02
5.241566e-02
5.569707e-02
5.902989e-02
6.242196e-02
6.588372e-02
6.941087e-02
7.302031e-02
7.671836e-02
8.050774e-02
8.440290e-02
8.842308e-02
9.256913e-02
9.686317e-02
1.013211e-01
1.059688e-01
1.108306e-01
1.159453e-01
1.213436e-01
1.270742e-01
1.332011e-01
1.398177e-01
1.470306e-01
1.550071e-01
1.639772e-01
1.743128e-01
1.866357e-01
2.021511e-01
2.237887e-01
2.622447e-01
