-2.601046e-01
-2.222197e-01
-2.009178e-01
-1.856348e-01
-1.735161e-01
-1.633454e-01
-1.545211e-01
-1.466643e-01
-1.395672e-01
-1.330526e-01
-1.270168e-01
-1.213852e-01
-1.160723e-01
-1.110504e-01
-1.062694e-01
-1.017149e-01
-9.733616e-02
-9.311660e-02
-8.905050e-02
-8.511613e-02
-8.129368e-02
-7.757877e-02
-7.396036e-02
-7.042315e-02
-6.696505e-02
-6.358528e-02
-6.026620e-02
-5.700827e-02
-5.380052e-02
-5.065139e-02
-4.754567e-02
-4.448106e-02
-4.144882e-02
-3.845301e-02
-3.548626e-02
-3.254823e-02
-2.963449e-02
-2.674292e-02
-2.387414e-02
-2.102260e-02
-1.818536e-02
-1.536530e-02
-1.255302e-02
-9.751498e-03
-6.962439e-03
-4.172420e-03
-1.388605e-03
1.396752e-03
4.184542e-03
6.967808e-03
9.758063e-03
1.255890e-02
1.536802e-02
1.818839e-02
2.102101e-02
2.387004e-02
2.673865e-02
2.962716e-02
3.253622e-02
3.547039e-02
3.843937e-02
4.143128e-02
4.445940e-02
4.752649e-02
5.063099e-02
5.379008e-02
5.699953e-02
6.025627e-02
6.357258e-02
6.695436e-02
7.041184e-02
7.393757e-02
7.755450e-02
8.127307e-02
8.508840e-02
8.902386e-02
9.309455e-02
9.730773e-02
1.016856e-01
1.062472e-01
1.110269e-01
1.160465e-01
1.213585e-01
1.270011e-01
1.330386e-01
1.395557e-01
1.466583e-01
1.545083e-01
1.633362e-01
1.735016e-01
1.856316e-01
2.009214e-01
2.222757e-01
2.601445e-01
