-2.611912e-01
-2.230356e-01
-2.015461e-01
-1.861321e-01
-1.739050e-01
-1.636576e-01
-1.547533e-01
-1.468486e-01
-1.396939e-01
-1.331357e-01
-1.270634e-01
-1.213771e-01
-1.160261e-01
-1.109608e-01
-1.061386e-01
-1.015271e-01
-9.710108e-02
-9.283602e-02
-8.872871e-02
-8.474821e-02
-8.088866e-02
-7.713792e-02
-7.348592e-02
-6.991246e-02
-6.642546e-02
-6.300043e-02
-5.963737e-02
-5.634277e-02
-5.310100e-02
-4.990929e-02
-4.676061e-02
-4.365669e-02
-4.059150e-02
-3.755747e-02
-3.455652e-02
-3.158280e-02
-2.863337e-02
-2.571134e-02
-2.280794e-02
-1.992248e-02
-1.705396e-02
-1.419266e-02
-1.134375e-02
-8.499917e-03
-5.659387e-03
-2.823795e-03
2.778053e-06
2.832832e-03
5.665986e-03
8.502138e-03
1.134329e-02
1.419721e-02
1.705924e-02
1.993335e-02
2.282347e-02
2.572924e-02
2.865174e-02
3.159253e-02
3.456407e-02
3.756459e-02
4.059925e-02
4.366393e-02
4.677167e-02
4.991947e-02
5.311215e-02
5.635095e-02
5.964970e-02
6.300803e-02
6.643374e-02
6.992650e-02
7.349743e-02
7.714648e-02
8.089689e-02
8.475063e-02
8.873460e-02
9.284901e-02
9.710030e-02
1.015322e-01
1.061298e-01
1.109496e-01
1.160050e-01
1.213535e-01
1.270418e-01
1.331313e-01
1.396855e-01
1.468454e-01
1.547573e-01
1.636554e-01
1.739005e-01
1.861298e-01
2.015293e-01
2.230226e-01
2.611562e-01
